1745 9858
95 94 
94 202 
202 95
18 301 
301 19 
19 18
301 907 
907 406 
406 301
232 622 
622 702 
702 232
653 92 
92 360 
360 653
369 994 
994 1121 
1121 369
202 697 
697 95 
95 202
808 635 
635 325 
325 808
402 698 
698 203 
203 402
299 1028 
1028 1241 
1241 299
551 782 
782 1082 
1082 551
181 298 
298 508 
508 181
203 98 
98 97 
97 203
298 295 
295 705 
705 298
1079 1516 
1516 1264 
1264 1079
292 421 
421 707 
707 292
201 977 
977 414 
414 201
303 940 
940 167 
167 303
216 78 
78 363 
363 216
183 182 
182 508 
508 183
205 414 
414 99 
99 205
166 303 
303 167 
167 166
218 85 
85 415 
415 218
413 423 
423 708 
708 413
201 698 
698 1534 
1534 201
295 181 
181 180 
180 295
385 415 
415 209 
209 385
1208 518 
518 954 
954 1208
208 417 
417 871 
871 208
294 246 
246 419 
419 294
380 80 
80 213 
213 380
292 293 
293 291 
291 292
1 871 
871 2 
2 1
293 180 
180 179 
179 293
779 398 
398 548 
548 779
287 286 
286 711 
711 287
378 212 
212 564 
564 378
293 503 
503 180 
180 293
210 209 
209 83 
83 210
289 708 
708 423 
423 289
3 378 
378 4 
4 3
291 179 
179 178 
178 291
213 215 
215 424 
424 213
245 584 
584 21 
21 245
349 822 
822 873 
873 349
290 22 
22 21 
21 290
211 392 
392 424 
424 211
173 172 
172 426 
426 173
5 214 
214 427 
427 5
297 416 
416 502 
502 297
79 78 
78 216 
216 79
1623 452 
452 1723 
1723 1623
370 8 
8 7 
7 370
288 1422 
1422 1126 
1126 288
86 85 
85 218 
218 86
175 287 
287 176 
176 175
440 9 
9 219 
219 440
287 177 
177 176 
176 287
646 218 
218 355 
355 646
173 426 
426 875 
875 173
76 75 
75 432 
432 76
177 421 
421 178 
178 177
404 91 
91 431 
431 404
426 289 
289 423 
423 426
220 76 
76 432 
432 220
875 174 
174 173 
173 875
223 367 
367 1082 
1082 223
443 284 
284 248 
248 443
223 433 
433 88 
88 223
284 304 
304 434 
434 284
232 636 
636 715 
715 232
314 457 
457 246 
246 314
1521 1085 
1085 662 
662 1521
283 251 
251 246 
246 283
69 68 
68 437 
437 69
46 480 
480 47 
47 46
204 686 
686 872 
872 204
282 483 
483 439 
439 282
219 330 
330 530 
530 219
1129 281 
281 266 
266 1129
407 1364 
1364 1535 
1535 407
281 252 
252 266 
266 281
227 623 
623 1053 
1053 227
272 496 
496 278 
278 272
67 66 
66 229 
229 67
280 37 
37 36 
36 280
325 344 
344 235 
235 325
302 406 
406 719 
719 302
229 66 
66 231 
231 229
279 879 
879 720 
720 279
229 231 
231 337 
337 229
34 458 
458 35 
35 34
772 230 
230 624 
624 772
278 36 
36 35 
35 278
407 1213 
1213 721 
721 407
249 254 
254 446 
446 249
235 62 
62 61 
61 235
294 419 
419 722 
722 294
440 10 
10 9 
9 440
271 929 
929 723 
723 271
11 10 
10 234 
234 11
498 39 
39 38 
38 498
59 58 
58 237 
237 59
251 275 
275 249 
249 251
13 12 
12 449 
449 13
275 281 
281 450 
450 275
57 237 
237 58 
58 57
34 33 
33 494 
494 34
1128 1355 
1355 1297 
1297 1128
274 472 
472 725 
725 274
314 606 
606 454 
454 314
450 281 
281 1129 
1129 450
459 15 
15 238 
238 459
273 490 
490 932 
932 273
314 454 
454 457 
457 314
34 451 
451 458 
458 34
317 1039 
1039 1130 
1130 317
276 448 
448 460 
460 276
235 61 
61 728 
728 235
41 40 
40 729 
729 41
459 602 
602 730 
730 459
271 1413 
1413 1134 
1134 271
235 728 
728 464 
464 235
430 714 
714 1288 
1288 430
459 730 
730 466 
466 459
270 936 
936 1132 
1132 270
907 18 
18 17 
17 907
31 475 
475 32 
32 31
1302 242 
242 1483 
1483 1302
269 494 
494 32 
32 269
443 248 
248 735 
735 443
277 446 
446 736 
736 277
457 53 
53 283 
283 457
429 879 
879 1536 
1536 429
245 302 
302 584 
584 245
269 475 
475 472 
472 269
251 283 
283 247 
247 251
467 733 
733 738 
738 467
434 22 
22 290 
290 434
249 275 
275 450 
450 249
254 736 
736 446 
446 254
266 252 
252 739 
739 266
253 23 
23 250 
250 253
31 267 
267 475 
475 31
247 275 
275 251 
251 247
1131 271 
271 1134 
1134 1131
253 24 
24 23 
23 253
49 48 
48 477 
477 49
477 48 
48 439 
439 477
920 264 
264 483 
483 920
444 919 
919 1135 
1135 444
42 463 
463 43 
43 42
45 262 
262 46 
46 45
263 487 
487 1197 
1197 263
481 26 
26 742 
742 481
44 262 
262 45 
45 44
258 927 
927 480 
480 258
262 258 
258 480 
480 262
256 28 
28 743 
743 256
30 261 
261 267 
267 30
486 28 
28 256 
256 486
270 733 
733 482 
482 270
260 478 
478 744 
744 260
731 271 
271 745 
745 731
1197 44 
44 263 
263 1197
455 450 
450 1129 
1129 455
29 28 
28 486 
486 29
263 463 
463 487 
487 263
270 482 
482 747 
747 270
259 749 
749 1136 
1136 259
30 29 
29 261 
261 30
44 43 
43 263 
263 44
276 460 
460 40 
40 276
439 47 
47 282 
282 439
910 261 
261 473 
473 910
252 477 
477 739 
739 252
31 30 
30 267 
267 31
257 489 
489 490 
490 257
272 451 
451 896 
896 272
936 488 
488 493 
493 936
259 489 
489 922 
922 259
743 28 
28 27 
27 743
494 274 
274 896 
896 494
27 26 
26 481 
481 27
451 34 
34 494 
494 451
257 490 
490 273 
273 257
269 472 
472 274 
274 269
247 52 
52 495 
495 247
40 39 
39 276 
276 40
736 455 
455 916 
916 736
272 491 
491 496 
496 272
713 1674 
1674 1537 
1537 713
276 39 
39 498 
498 276
253 25 
25 24 
24 253
280 498 
498 37 
37 280
275 495 
495 281 
281 275
278 280 
280 36 
36 278
258 928 
928 751 
751 258
53 247 
247 283 
283 53
285 175 
175 174 
174 285
251 249 
249 446 
446 251
285 287 
287 175 
175 285
284 443 
443 915 
915 284
286 287 
287 285 
285 286
250 23 
23 22 
22 250
172 171 
171 289 
289 172
49 252 
252 50 
50 49
711 707 
707 421 
421 711
50 281 
281 51 
51 50
287 711 
711 177 
177 287
239 894 
894 1138 
1138 239
502 170 
170 428 
428 502
248 284 
284 434 
434 248
293 179 
179 291 
291 293
50 252 
252 281 
281 50
416 413 
413 708 
708 416
495 52 
52 51 
51 495
503 292 
292 754 
754 503
240 906 
906 504 
504 240
298 181 
181 295 
295 298
247 53 
53 52 
52 247
411 298 
298 505 
505 411
19 245 
245 20 
20 19
428 169 
169 506 
506 428
245 21 
21 20 
20 245
295 180 
180 503 
503 295
1496 464 
464 608 
608 1496
182 181 
181 508 
508 182
244 1179 
1179 1538 
1538 244
907 17 
17 462 
462 907
245 19 
19 406 
406 245
165 164 
164 952 
952 165
500 284 
284 752 
752 500
296 505 
505 754 
754 296
587 183 
183 306 
306 587
756 1738 
1738 1140 
1140 756
230 64 
64 513 
513 230
185 184 
184 587 
587 185
497 756 
756 757 
757 497
315 598 
598 758 
758 315
164 163 
163 517 
517 164
239 1138 
1138 759 
759 239
504 906 
906 312 
312 504
952 164 
164 517 
517 952
294 722 
722 760 
760 294
318 187 
187 520 
520 318
296 511 
511 761 
761 296
301 406 
406 19 
19 301
242 1411 
1411 1141 
1141 242
629 188 
188 318 
318 629
238 15 
15 14 
14 238
326 189 
189 188 
188 326
162 161 
161 323 
323 162
56 55 
55 454 
454 56
237 312 
312 321 
321 237
1629 1072 
1072 1261 
1261 1629
319 952 
952 764 
764 319
449 12 
12 350 
350 449
13 324 
324 14 
14 13
541 200 
200 199 
199 541
1327 197 
197 525 
525 1327
59 237 
237 526 
526 59
235 464 
464 325 
325 235
322 101 
101 200 
200 322
190 189 
189 326 
326 190
11 234 
234 350 
350 11
234 440 
440 890 
890 234
322 541 
541 531 
531 322
335 1055 
1055 1455 
1455 335
307 1611 
1611 1539 
1539 307
233 890 
890 530 
530 233
527 322 
322 531 
531 527
157 156 
156 341 
341 157
1393 1545 
1545 863 
863 1393
333 636 
636 533 
533 333
102 527 
527 534 
534 102
339 604 
604 768 
768 339
334 591 
591 536 
536 334
231 66 
66 65 
65 231
352 1219 
1219 1540 
1540 352
1660 1456 
1456 1605 
1605 1660
63 513 
513 64 
64 63
231 624 
624 337 
337 231
193 192 
192 338 
338 193
336 538 
538 771 
771 336
68 229 
229 228 
228 68
64 230 
230 772 
772 64
195 194 
194 340 
340 195
1060 155 
155 642 
642 1060
67 229 
229 68 
68 67
647 1069 
1069 773 
773 647
228 437 
437 68 
68 228
60 461 
461 728 
728 60
198 197 
197 342 
342 198
341 156 
156 343 
343 341
62 235 
235 344 
344 62
71 70 
70 345 
345 71
322 200 
200 541 
541 322
650 1314 
1314 1371 
1371 650
226 222 
222 348 
348 226
212 871 
871 543 
543 212
105 347 
347 106 
106 105
781 104 
104 550 
550 781
234 327 
327 616 
616 234
72 71 
71 351 
351 72
357 1075 
1075 1147 
1147 357
1682 1061 
1061 1319 
1319 1682
224 333 
333 533 
533 224
355 415 
415 777 
777 355
107 106 
106 778 
778 107
150 149 
149 358 
358 150
646 88 
88 87 
87 646
438 420 
420 779 
779 438
374 1507 
1507 1541 
1541 374
1081 148 
148 658 
658 1081
224 74 
74 73 
73 224
347 105 
105 781 
781 347
92 91 
91 404 
404 92
221 660 
660 782 
782 221
146 366 
366 147 
147 146
362 649 
649 1071 
1071 362
77 220 
220 363 
363 77
354 75 
75 74 
74 354
349 712 
712 978 
978 349
362 1460 
1460 785 
785 362
219 9 
9 8 
8 219
144 143 
143 555 
555 144
86 218 
218 87 
87 86
365 375 
375 112 
112 365
223 646 
646 984 
984 223
664 356 
356 786 
786 664
221 782 
782 787 
787 221
560 143 
143 557 
557 560
217 618 
618 370 
370 217
352 1540 
1540 1150 
1150 352
215 216 
216 206 
206 215
555 992 
992 144 
144 555
363 78 
78 77 
77 363
142 141 
141 373 
373 142
420 211 
211 559 
559 420
372 992 
992 560 
560 372
215 213 
213 216 
216 215
352 1150 
1150 1151 
1151 352
4 214 
214 5 
5 4
377 562 
562 375 
375 377
214 422 
422 641 
641 214
137 136 
136 790 
790 137
216 213 
213 79 
79 216
377 1107 
1107 1542 
1542 377
213 80 
80 79 
79 213
136 135 
135 684 
684 136
2 212 
212 3 
3 2
383 795 
795 792 
792 383
212 543 
543 564 
564 212
373 141 
141 565 
565 373
81 80 
80 380 
380 81
374 1149 
1149 793 
793 374
211 420 
420 872 
872 211
381 1481 
1481 1543 
1543 381
81 380 
380 82 
82 81
1108 800 
800 576 
576 1108
210 380 
380 569 
569 210
1012 1477 
1477 1154 
1154 1012
82 210 
210 83 
83 82
134 133 
133 389 
389 134
209 84 
84 83 
83 209
118 117 
117 388 
388 118
99 208 
208 100 
100 99
133 132 
132 571 
571 133
208 1 
1 100 
100 208
119 118 
118 797 
797 119
390 1111 
1111 1155 
1155 390
567 1100 
1100 1156 
1156 567
209 85 
85 84 
84 209
388 568 
568 795 
795 388
382 850 
850 685 
685 382
689 120 
120 574 
574 689
220 77 
77 76 
76 220
383 680 
680 800 
800 383
203 205 
205 98 
98 203
131 130 
130 577 
577 131
205 99 
99 98 
98 205
123 122 
122 396 
396 123
73 72 
72 224 
224 73
581 696 
696 397 
397 581
222 548 
548 398 
398 222
403 1119 
1119 694 
694 403
402 399 
399 801 
801 402
397 129 
129 580 
580 397
203 97 
97 96 
96 203
397 580 
580 581 
581 397
203 399 
399 402 
402 203
694 123 
123 578 
578 694
221 787 
787 1010 
1010 221
400 127 
127 126 
126 400
370 6 
6 427 
427 370
125 124 
124 694 
694 125
653 94 
94 93 
93 653
469 915 
915 803 
803 469
290 21 
21 584 
584 290
303 166 
166 804 
804 303
165 310 
310 166 
166 165
304 253 
253 250 
250 304
434 304 
304 250 
250 434
585 297 
297 506 
506 585
166 310 
310 804 
804 166
313 951 
951 805 
805 313
184 183 
183 587 
587 184
233 530 
530 1157 
1157 233
1397 944 
944 1544 
1544 1397
409 864 
864 808 
808 409
334 230 
230 613 
613 334
507 895 
895 1159 
1159 507
501 1190 
1190 1126 
1126 501
524 764 
764 163 
163 524
1350 940 
940 303 
303 1350
592 1029 
1029 1045 
1045 592
519 606 
606 596 
596 519
312 237 
237 57 
57 312
56 320 
320 607 
607 56
185 514 
514 186 
186 185
585 1350 
1350 597 
597 585
457 454 
454 54 
54 457
294 314 
314 246 
246 294
315 955 
955 598 
598 315
594 1350 
1350 1160 
1160 594
516 587 
587 1161 
1161 516
508 298 
298 601 
601 508
317 730 
730 602 
602 317
529 615 
615 1162 
1162 529
318 188 
188 187 
187 318
336 771 
771 815 
815 336
323 161 
161 160 
160 323
1489 599 
599 1492 
1492 1489
519 504 
504 817 
817 519
57 56 
56 607 
607 57
464 461 
461 608 
608 464
237 321 
321 526 
526 237
342 1057 
1057 198 
198 342
197 196 
196 525 
525 197
331 824 
824 1163 
1163 331
158 157 
157 819 
819 158
602 324 
324 1038 
1038 602
14 324 
324 238 
238 14
325 241 
241 612 
612 325
230 513 
513 613 
613 230
599 1358 
1358 1563 
1563 599
190 326 
326 535 
535 190
529 1024 
1024 1211 
1211 529
350 234 
234 616 
616 350
331 645 
645 970 
970 331
160 609 
609 818 
818 160
217 641 
641 873 
873 217
307 814 
814 823 
823 307
370 219 
219 8 
8 370
349 784 
784 1337 
1337 349
617 323 
323 1163 
1163 617
157 341 
341 819 
819 157
332 1053 
1053 1545 
1545 332
863 409 
409 1027 
1027 863
351 224 
224 72 
72 351
71 345 
345 351 
351 71
334 337 
337 624 
624 334
613 591 
591 334 
334 613
193 625 
625 194 
194 193
193 338 
338 625 
625 193
535 1318 
1318 626 
626 535
516 813 
813 1359 
1359 516
442 536 
536 227 
227 442
229 337 
337 228 
228 229
1054 192 
192 191 
191 1054
340 625 
625 628 
628 340
339 535 
535 629 
629 339
520 955 
955 318 
318 520
342 197 
197 1327 
1327 342
195 340 
340 1438 
1438 195
540 832 
832 154 
154 540
610 158 
158 819 
819 610
542 1693 
1693 1546 
1546 542
1057 342 
342 630 
630 1057
356 1069 
1069 828 
828 356
645 631 
631 829 
829 645
613 344 
344 635 
635 613
62 344 
344 63 
63 62
437 888 
888 69 
69 437
333 351 
351 636 
636 333
545 1684 
1684 1547 
1547 545
967 103 
103 534 
534 967
347 781 
781 959 
959 347
778 347 
347 638 
638 778
432 222 
222 220 
220 432
533 636 
636 639 
639 533
364 553 
553 640 
640 364
427 214 
214 641 
641 427
449 897 
897 324 
324 449
11 350 
350 12 
12 11
351 345 
345 636 
636 351
224 351 
351 333 
333 224
540 633 
633 832 
832 540
151 150 
150 833 
833 151
319 764 
764 1049 
1049 319
631 819 
819 829 
829 631
354 348 
348 432 
432 354
224 354 
354 74 
74 224
355 984 
984 646 
646 355
415 355 
355 218 
218 415
832 633 
633 828 
828 832
833 358 
358 786 
786 833
108 107 
107 986 
986 108
109 648 
648 649 
649 109
366 842 
842 147 
147 366
1087 1461 
1461 368 
368 1087
544 1511 
1511 1167 
1167 544
547 986 
986 1065 
1065 547
412 582 
582 652 
652 412
93 92 
92 653 
653 93
1520 1458 
1458 837 
837 1520
589 1202 
1202 1548 
1548 589
362 785 
785 656 
656 362
109 649 
649 110 
110 109
398 220 
220 222 
222 398
216 363 
363 206 
206 216
364 640 
640 657 
657 364
530 330 
330 1157 
1157 530
365 112 
112 111 
111 365
110 365 
365 111 
111 110
366 661 
661 839 
839 366
145 661 
661 146 
146 145
390 1155 
1155 1347 
1347 390
431 883 
883 660 
660 431
1081 358 
358 149 
149 1081
145 144 
144 992 
992 145
1026 1485 
1485 1549 
1549 1026
663 859 
859 697 
697 663
370 330 
330 219 
219 370
6 370 
370 7 
7 6
371 356 
356 664 
664 371
666 658 
658 842 
842 666
565 141 
141 140 
140 565
368 1081 
1081 666 
666 368
379 565 
565 139 
139 379
1339 138 
138 137 
137 1339
376 1173 
1173 1170 
1170 376
544 1167 
1167 1550 
1550 544
375 113 
113 112 
112 375
357 1094 
1094 1172 
1172 357
376 1005 
1005 1173 
1173 376
136 387 
387 790 
790 136
562 679 
679 114 
114 562
1666 1694 
1694 1551 
1551 1666
378 214 
214 4 
4 378
212 378 
378 3 
3 212
667 379 
379 673 
673 667
1229 1092 
1092 674 
674 1229
211 424 
424 215 
215 211
82 380 
380 210 
210 82
391 1006 
1006 1175 
1175 391
670 783 
783 849 
849 670
390 685 
685 850 
850 390
1015 569 
569 575 
575 1015
384 568 
568 678 
678 384
116 384 
384 678 
678 116
384 116 
116 115 
115 384
562 377 
377 791 
791 562
385 207 
207 415 
415 385
210 385 
385 209 
209 210
386 1154 
1154 851 
851 386
670 849 
849 681 
681 670
387 1101 
1101 1176 
1176 387
134 389 
389 1390 
1390 134
574 797 
797 853 
853 574
118 388 
388 797 
797 118
577 571 
571 131 
131 577
135 134 
134 684 
684 135
390 840 
840 685 
685 390
204 677 
677 686 
686 204
391 848 
848 854 
854 391
133 571 
571 1233 
1233 133
424 569 
569 380 
380 424
382 392 
392 211 
211 382
1115 701 
701 855 
855 1115
121 120 
120 689 
689 121
394 1116 
1116 1552 
1552 394
574 853 
853 691 
691 574
397 130 
130 129 
129 397
687 1112 
1112 1176 
1176 687
689 122 
122 121 
121 689
403 578 
578 693 
693 403
580 129 
129 128 
128 580
127 400 
400 580 
580 127
398 206 
206 363 
363 398
220 398 
398 363 
363 220
399 203 
203 96 
96 399
95 399 
399 96 
96 95
405 126 
126 125 
125 405
124 123 
123 694 
694 124
690 1114 
1114 858 
858 690
577 130 
130 696 
696 577
663 1018 
1018 859 
859 663
205 203 
203 698 
698 205
1120 693 
693 699 
699 1120
581 580 
580 700 
700 581
404 360 
360 92 
92 404
90 883 
883 91 
91 90
700 1020 
1020 1119 
1119 700
126 405 
405 400 
400 126
406 243 
243 719 
719 406
245 406 
406 302 
302 245
1206 1316 
1316 1553 
1553 1206
438 548 
548 861 
861 438
784 1002 
1002 1178 
1178 784
402 801 
801 1348 
1348 402
623 409 
409 863 
863 623
591 308 
308 864 
864 591
410 1419 
1419 1179 
1179 410
964 716 
716 1180 
1180 964
411 296 
296 316 
316 411
813 516 
516 1161 
1161 813
412 663 
663 868 
868 412
404 582 
582 360 
360 404
170 502 
502 171 
171 170
586 1312 
1312 869 
869 586
414 208 
208 99 
99 414
698 414 
414 205 
205 698
415 85 
85 209 
209 415
777 415 
415 207 
207 777
416 297 
297 305 
305 416
586 869 
869 870 
870 586
417 543 
543 871 
871 417
414 417 
417 208 
208 414
418 722 
722 419 
419 418
736 905 
905 277 
277 736
446 246 
246 251 
251 446
418 419 
419 277 
277 418
382 211 
211 872 
872 382
215 559 
559 211 
211 215
421 292 
292 291 
291 421
178 421 
421 291 
291 178
641 422 
422 873 
873 641
378 422 
422 214 
214 378
707 423 
423 874 
874 707
285 174 
174 875 
875 285
424 392 
392 569 
569 424
213 424 
424 380 
380 213
425 709 
709 1124 
1124 425
225 990 
990 1181 
1181 225
426 172 
172 289 
289 426
707 875 
875 423 
423 707
427 217 
217 370 
370 427
5 427 
427 6 
6 5
428 170 
170 169 
169 428
168 506 
506 169 
169 168
471 945 
945 1554 
1554 471
1141 1625 
1625 242 
242 1141
488 747 
747 1183 
1183 488
444 510 
510 1204 
1204 444
433 883 
883 89 
89 433
582 404 
404 882 
882 582
432 75 
75 354 
354 432
222 432 
432 348 
348 222
433 660 
660 883 
883 433
88 433 
433 89 
89 88
434 250 
250 22 
22 434
248 434 
434 290 
290 248
888 345 
345 70 
70 888
442 1053 
1053 892 
892 442
861 889 
889 1184 
1184 861
825 1280 
1280 1555 
1555 825
437 228 
228 887 
887 437
70 69 
69 888 
888 70
779 420 
420 559 
559 779
441 445 
445 1186 
1186 441
439 264 
264 477 
477 439
47 439 
439 48 
48 47
440 530 
530 890 
890 440
10 440 
440 234 
234 10
441 226 
226 348 
348 441
354 224 
224 891 
891 354
884 442 
442 892 
892 884
337 536 
536 1405 
1405 337
284 915 
915 752 
752 284
584 735 
735 248 
248 584
743 481 
481 893 
893 743
304 500 
500 1418 
1418 304
891 966 
966 348 
348 891
702 445 
445 639 
639 702
446 277 
277 419 
419 446
246 446 
446 419 
419 246
710 447 
447 894 
894 710
507 240 
240 941 
941 507
496 276 
276 280 
280 496
451 494 
494 896 
896 451
449 350 
350 897 
897 449
13 449 
449 324 
324 13
746 1129 
1129 474 
474 746
249 450 
450 254 
254 249
491 896 
896 898 
898 491
278 458 
458 272 
272 278
750 512 
512 1556 
1556 750
309 1201 
1201 1188 
1188 309
492 1300 
1300 1189 
1189 492
448 491 
491 902 
902 448
454 320 
320 56 
56 454
54 454 
454 55 
55 54
470 916 
916 903 
903 470
450 455 
455 254 
254 450
501 753 
753 1190 
1190 501
418 277 
277 905 
905 418
457 54 
54 53 
53 457
246 457 
457 283 
283 246
458 451 
451 272 
272 458
35 458 
458 278 
278 35
459 466 
466 15 
15 459
602 459 
459 238 
238 602
1413 1293 
1293 902 
902 1413
40 460 
460 729 
729 40
526 60 
60 59 
59 526
240 507 
507 908 
908 240
462 727 
727 1209 
1209 462
16 466 
466 17 
17 16
463 263 
263 43 
43 463
41 729 
729 42 
42 41
507 1159 
1159 1191 
1191 507
325 464 
464 241 
241 325
926 747 
747 482 
482 926
881 919 
919 1192 
1192 881
466 462 
462 17 
17 466
15 466 
466 16 
16 15
473 738 
738 910 
910 473
1417 481 
481 1299 
1299 1417
603 766 
766 1194 
1194 603
509 1425 
1425 1557 
1557 509
879 469 
469 914 
914 879
443 803 
803 915 
915 443
470 736 
736 916 
916 470
753 1138 
1138 917 
917 753
909 881 
881 1192 
1192 909
1204 752 
752 279 
279 1204
472 267 
267 910 
910 472
725 472 
472 265 
265 725
486 261 
261 29 
29 486
911 925 
925 256 
256 911
744 478 
478 920 
920 744
257 485 
485 921 
921 257
475 267 
267 472 
472 475
32 475 
475 269 
269 32
476 749 
749 922 
922 476
499 751 
751 923 
923 499
477 264 
264 739 
739 477
49 477 
477 252 
252 49
478 260 
260 489 
489 478
485 746 
746 921 
921 485
479 742 
742 253 
253 479
304 1418 
1418 253 
253 304
480 282 
282 47 
47 480
262 480 
480 46 
46 262
742 26 
26 25 
25 742
444 1135 
1135 924 
924 444
911 1193 
1193 1408 
1408 911
465 747 
747 926 
926 465
483 264 
264 439 
439 483
258 751 
751 927 
927 258
751 1304 
1304 923 
923 751
262 44 
44 1197 
1197 262
485 257 
257 273 
273 485
903 916 
916 273 
273 903
486 256 
256 473 
473 486
261 486 
486 473 
473 261
731 487 
487 929 
929 731
484 928 
928 1198 
1198 484
732 880 
880 1183 
1183 732
749 476 
476 1301 
1301 749
489 257 
257 478 
478 489
922 489 
489 260 
260 922
748 489 
489 259 
259 748
726 273 
273 932 
932 726
491 898 
898 933 
933 491
496 491 
491 448 
448 496
745 1131 
1131 1199 
1199 745
725 265 
265 935 
935 725
493 931 
931 936 
936 493
880 1136 
1136 488 
488 880
494 33 
33 32 
32 494
274 494 
494 269 
269 274
495 51 
51 281 
281 495
247 495 
495 275 
275 247
496 448 
448 276 
276 496
278 496 
496 280 
280 278
1308 757 
757 1140 
1140 1308
311 1034 
1034 1200 
1200 311
498 38 
38 37 
37 498
276 498 
498 280 
280 276
499 260 
260 744 
744 499
282 927 
927 483 
483 282
1418 444 
444 924 
924 1418
284 500 
500 304 
304 284
904 1190 
1190 726 
726 904
452 1030 
1030 939 
939 452
502 289 
289 171 
171 502
297 502 
502 428 
428 297
503 705 
705 295 
295 503
292 503 
503 293 
293 292
607 312 
312 57 
57 607
454 606 
606 817 
817 454
511 754 
754 292 
292 511
411 505 
505 296 
296 411
585 506 
506 940 
940 585
428 506 
506 297 
297 428
895 507 
507 941 
941 895
309 1033 
1033 1201 
1201 309
1398 298 
298 411 
411 1398
183 508 
508 306 
306 183
589 807 
807 1202 
1202 589
300 1440 
1440 1203 
1203 300
919 444 
444 1204 
1204 919
1418 510 
510 444 
444 1418
874 292 
292 707 
707 874
416 305 
305 946 
946 416
512 750 
750 947 
947 512
766 814 
814 1205 
1205 766
513 63 
63 344 
344 513
325 635 
635 344 
344 325
1398 1161 
1161 601 
601 1398
598 514 
514 758 
758 598
860 1690 
1690 1558 
1558 860
497 757 
757 950 
950 497
516 514 
514 587 
587 516
521 805 
805 951 
951 521
524 163 
163 162 
162 524
310 165 
165 952 
952 310
900 1651 
1651 1207 
1207 900
710 894 
894 1208 
1208 710
519 240 
240 504 
504 519
607 817 
817 504 
504 607
598 187 
187 186 
186 598
604 339 
339 955 
955 604
813 1433 
1433 956 
956 813
296 521 
521 316 
316 296
727 522 
522 1209 
1209 727
468 1296 
1296 1428 
1428 468
550 967 
967 989 
989 550
101 527 
527 102 
102 101
524 162 
162 323 
323 524
818 1163 
1163 323 
323 818
525 196 
196 195 
195 525
960 1438 
1438 1210 
1210 960
1414 321 
321 906 
906 1414
60 526 
526 461 
461 60
527 531 
531 961 
961 527
322 527 
527 101 
101 322
528 338 
338 192 
192 528
190 535 
535 968 
968 190
588 1351 
1351 1211 
1211 588
619 1363 
1363 1162 
1162 619
530 440 
440 219 
219 530
618 1157 
1157 330 
330 618
531 346 
346 963 
963 531
961 531 
531 523 
523 961
1212 1572 
1572 1265 
1265 1212
718 721 
721 1213 
1213 718
533 639 
639 966 
966 533
224 533 
533 891 
891 224
534 961 
961 967 
967 534
102 534 
534 103 
103 102
535 626 
626 968 
968 535
629 535 
535 326 
326 629
536 442 
442 969 
969 536
334 536 
536 337 
337 334
645 829 
829 1505 
1505 645
634 829 
829 1214 
1214 634
771 538 
538 1215 
1215 771
614 1042 
1042 1216 
1216 614
626 539 
539 1217 
1217 626
339 768 
768 1318 
1318 339
540 154 
154 153 
153 540
152 540 
540 153 
153 152
1057 199 
199 198 
198 1057
531 541 
541 346 
346 531
1218 1252 
1252 1559 
1559 1218
352 1228 
1228 1729 
1729 352
709 543 
543 977 
977 709
784 349 
349 978 
978 784
763 1371 
1371 1577 
1577 763
637 1449 
1449 1560 
1560 637
1564 1252 
1252 975 
975 1564
328 1066 
1066 1502 
1502 328
556 1010 
1010 1234 
1234 556
355 777 
777 984 
984 355
547 651 
651 985 
985 547
107 778 
778 1065 
1065 107
548 222 
222 226 
226 548
441 889 
889 226 
226 441
1340 549 
549 1670 
1670 1340
372 560 
560 1224 
1224 372
550 104 
104 103 
103 550
979 1577 
1577 1588 
1588 979
551 367 
367 984 
984 551
659 840 
840 546 
546 659
552 1107 
1107 375 
375 552
365 552 
552 375 
375 365
640 553 
553 990 
990 640
618 822 
822 991 
991 618
554 552 
552 365 
365 554
110 656 
656 365 
365 110
557 143 
143 142 
142 557
661 145 
145 992 
992 661
1569 1121 
1121 556 
556 1569
652 802 
802 994 
994 652
557 142 
142 373 
373 557
668 1229 
1229 1226 
1226 668
642 832 
832 996 
996 642
561 789 
789 997 
997 561
559 215 
215 206 
206 559
398 779 
779 206 
206 398
560 555 
555 143 
143 560
373 1092 
1092 998 
998 373
780 1149 
1149 1469 
1469 780
352 1151 
1151 1228 
1228 352
562 114 
114 113 
113 562
375 562 
562 113 
113 375
679 384 
384 115 
115 679
386 680 
680 1001 
1001 386
784 978 
978 1002 
1002 784
378 564 
564 422 
422 378
565 140 
140 139 
139 565
1092 565 
565 379 
379 1092
668 1092 
1092 1229 
1229 668
1524 847 
847 1562 
1562 1524
852 1112 
1112 1231 
1231 852
690 1118 
1118 1389 
1389 690
678 388 
388 117 
117 678
563 792 
792 384 
384 563
569 392 
392 575 
575 569
210 569 
569 385 
385 210
1175 1006 
1006 1232 
1232 1175
683 1343 
1343 1108 
1108 683
571 132 
132 131 
131 571
692 857 
857 1233 
1233 692
787 572 
572 1234 
1234 787
546 840 
840 1011 
1011 546
796 1345 
1345 1012 
1012 796
794 1376 
1376 1235 
1235 794
689 574 
574 1236 
1236 689
119 797 
797 120 
120 119
575 685 
685 1015 
1015 575
382 575 
575 392 
392 382
796 1012 
1012 1154 
1154 796
394 1109 
1109 1116 
1116 394
696 130 
130 397 
397 696
571 577 
577 395 
395 571
578 123 
123 396 
396 578
1014 693 
693 396 
396 1014
706 579 
579 1237 
1237 706
1534 1124 
1124 201 
201 1534
580 128 
128 127 
127 580
405 1119 
1119 1020 
1020 405
1020 580 
580 400 
400 1020
395 696 
696 1021 
1021 395
582 412 
412 360 
360 582
431 882 
882 404 
404 431
583 243 
243 957 
957 583
242 762 
762 1022 
1022 242
584 302 
302 735 
735 584
290 584 
584 248 
248 290
585 597 
597 297 
297 585
168 940 
940 506 
506 168
761 1312 
1312 296 
296 761
594 816 
816 1238 
1238 594
587 306 
306 1161 
1161 587
185 587 
587 514 
514 185
962 588 
588 1211 
1211 962
890 588 
588 327 
327 890
943 1168 
1168 1239 
1239 943
877 1648 
1648 1336 
1336 877
908 1043 
1043 1496 
1496 908
826 863 
863 1027 
1027 826
864 308 
308 808 
808 864
536 591 
591 227 
227 536
592 1248 
1248 1354 
1354 592
612 241 
241 1045 
1045 612
1412 939 
939 1030 
1030 1412
239 759 
759 1310 
1310 239
605 1361 
1361 1563 
1563 605
313 586 
586 1032 
1032 313
704 595 
595 1243 
1243 704
299 1241 
1241 1122 
1122 299
895 941 
941 1409 
1409 895
519 596 
596 941 
941 519
597 594 
594 1023 
1023 597
297 597 
597 305 
305 297
598 520 
520 187 
187 598
514 598 
598 186 
186 514
600 1047 
1047 1244 
1244 600
586 1023 
1023 1032 
1032 586
614 1249 
1249 1245 
1245 614
604 955 
955 1246 
1246 604
867 1398 
1398 316 
316 867
508 601 
601 306 
306 508
602 238 
238 324 
324 602
236 1044 
1044 1038 
1038 236
1652 1044 
1044 603 
603 1652
962 1024 
1024 236 
236 962
955 339 
339 629 
629 955
627 1359 
1359 1040 
1040 627
621 1502 
1502 1247 
1247 621
614 820 
820 1042 
1042 614
606 314 
314 294 
294 606
760 606 
606 294 
294 760
607 320 
320 817 
817 607
312 607 
607 504 
504 312
1414 461 
461 526 
526 1414
811 1354 
1354 1248 
1248 811
609 160 
160 159 
159 609
158 610 
610 159 
159 158
610 331 
331 818 
818 610
159 610 
610 609 
609 159
912 611 
611 1044 
1044 912
602 611 
611 317 
317 602
1029 612 
612 1045 
1045 1029
409 808 
808 590 
590 409
613 513 
513 344 
344 613
591 613 
613 308 
308 591
973 1493 
1493 1249 
1249 973
956 951 
951 1600 
1600 956
806 657 
657 1351 
1351 806
1162 615 
615 329 
329 1162
962 327 
327 588 
588 962
897 616 
616 236 
236 897
617 1586 
1586 1049 
1049 617
323 617 
617 524 
524 323
1157 991 
991 364 
364 1157
370 618 
618 330 
330 370
619 329 
329 990 
990 619
838 1352 
1352 1250 
1250 838
991 553 
553 364 
364 991
217 822 
822 618 
618 217
621 1362 
1362 1689 
1689 621
605 1067 
1067 1052 
1052 605
622 232 
232 715 
715 622
437 887 
887 1404 
1404 437
623 1545 
1545 1053 
1053 623
864 623 
623 227 
227 864
772 231 
231 65 
65 772
334 624 
624 230 
230 334
765 338 
338 528 
528 765
194 625 
625 340 
340 194
1217 539 
539 972 
972 1217
191 968 
968 1054 
1054 191
1040 600 
600 1037 
1037 1040
758 627 
627 315 
315 758
628 625 
625 338 
338 628
975 1323 
1323 1564 
1564 975
629 326 
326 188 
188 629
955 629 
629 318 
318 955
632 1455 
1455 1565 
1565 632
541 199 
199 1057 
1057 541
1214 829 
829 343 
343 1214
610 631 
631 331 
331 610
632 1056 
1056 1210 
1210 632
765 335 
335 1142 
1142 765
633 540 
540 152 
152 633
151 643 
643 152 
152 151
996 1444 
1444 1467 
1467 996
353 1251 
1251 1254 
1254 353
808 325 
325 612 
612 808
613 635 
635 308 
308 613
715 345 
345 435 
435 715
639 636 
636 232 
232 639
847 1270 
1270 1383 
1383 847
545 1166 
1166 1566 
1566 545
775 1459 
1459 1257 
1257 775
986 107 
107 1065 
1065 986
639 232 
232 702 
702 639
441 966 
966 445 
445 441
990 553 
553 862 
862 990
615 1351 
1351 329 
329 615
873 422 
422 712 
712 873
427 641 
641 217 
217 427
155 1060 
1060 156 
156 155
154 642 
642 155 
155 154
643 356 
356 828 
828 643
152 643 
643 633 
633 152
1052 1067 
1067 1258 
1258 1052
1031 319 
319 1488 
1488 1031
821 1689 
1689 1259 
1259 821
631 645 
645 331 
331 631
646 223 
223 88 
88 646
218 646 
646 87 
87 218
647 828 
828 1069 
1069 647
537 1443 
1443 1260 
1260 537
649 648 
648 1071 
1071 649
108 648 
648 109 
109 108
1071 648 
648 547 
547 1071
656 649 
649 362 
362 656
774 1630 
1630 1261 
1261 774
844 1667 
1667 1262 
1262 844
1064 775 
775 1257 
1257 1064
783 1460 
1460 1075 
1075 783
802 582 
582 882 
882 802
706 1237 
1237 1076 
1076 706
868 360 
360 412 
412 868
94 653 
653 202 
202 94
654 1532 
1532 1104 
1104 654
1572 716 
716 1719 
1719 1572
369 1121 
1121 1264 
1264 369
807 589 
589 1080 
1080 807
656 554 
554 365 
365 656
649 656 
656 110 
110 649
657 640 
640 990 
990 657
588 1048 
1048 1351 
1351 588
658 666 
666 1081 
1081 658
147 658 
658 148 
148 147
659 546 
546 777 
777 659
1015 685 
685 207 
207 1015
782 660 
660 1082 
1082 782
882 660 
660 221 
221 882
839 661 
661 1083 
1083 839
146 661 
661 366 
366 146
1078 1650 
1650 1265 
1265 1078
1080 589 
589 1352 
1352 1080
868 202 
202 653 
653 868
652 994 
994 1086 
1086 652
786 356 
356 643 
643 786
666 842 
842 1375 
1375 666
665 1083 
1083 1088 
1088 665
549 1340 
1340 1567 
1567 549
839 842 
842 366 
366 839
1089 1607 
1607 1269 
1269 1089
667 682 
682 1091 
1091 667
139 673 
673 379 
379 139
995 1224 
1224 560 
560 995
379 674 
674 1092 
1092 379
672 1099 
1099 1568 
1568 672
775 1064 
1064 1271 
1271 775
670 681 
681 1095 
1095 670
554 785 
785 552 
552 554
1013 1235 
1235 1272 
1272 1013
549 1269 
1269 1273 
1273 549
676 1380 
1380 1274 
1274 676
1172 1094 
1094 1642 
1642 1172
673 139 
139 138 
138 673
137 790 
790 1339 
1339 137
1091 379 
379 667 
667 1091
843 674 
674 1091 
1091 843
1385 848 
848 1100 
1100 1385
684 1390 
1390 1101 
1101 684
1004 1609 
1609 1276 
1276 1004
1001 1152 
1152 1277 
1277 1001
677 204 
204 1104 
1104 677
1084 361 
361 1520 
1520 1084
678 568 
568 388 
388 678
116 678 
678 117 
117 116
679 563 
563 384 
384 679
114 679 
679 115 
115 114
680 383 
383 792 
792 680
791 1152 
1152 563 
563 791
1001 1277 
1277 1106 
1106 1001
552 1095 
1095 1107 
1107 552
682 1005 
1005 1091 
1091 682
673 1339 
1339 667 
667 673
1008 1017 
1017 1278 
1278 1008
695 699 
699 1109 
1109 695
1110 688 
688 1279 
1279 1110
136 684 
684 387 
387 136
685 659 
659 207 
207 685
382 685 
685 575 
575 382
850 686 
686 1111 
1111 850
420 717 
717 872 
872 420
687 854 
854 1112 
1112 687
1390 1233 
1233 857 
857 1390
692 1110 
1110 1279 
1279 692
1021 1482 
1482 395 
395 1021
1117 1236 
1236 691 
691 1117
122 689 
689 396 
396 122
690 1006 
1006 1114 
1114 690
401 701 
701 1115 
1115 401
1109 691 
691 1116 
1116 1109
1014 689 
689 1236 
1236 1014
1009 1233 
1233 571 
571 1009
688 1114 
1114 1279 
1279 688
693 578 
578 396 
396 693
699 693 
693 393 
393 699
694 578 
578 403 
403 694
125 694 
694 405 
405 125
1109 393 
393 1117 
1117 1109
856 1389 
1389 394 
394 856
1021 581 
581 401 
401 1021
577 696 
696 395 
395 577
697 399 
399 95 
95 697
663 697 
697 202 
202 663
698 402 
402 1348 
1348 698
414 698 
698 201 
201 414
699 393 
393 1109 
1109 699
690 858 
858 1118 
1118 690
701 700 
700 1119 
1119 701
581 700 
700 401 
401 581
855 403 
403 1120 
1120 855
700 701 
701 401 
401 700
825 702 
702 1280 
1280 825
445 702 
702 1364 
1364 445
1225 1617 
1617 1569 
1569 1225
655 1549 
1549 1485 
1485 655
1243 595 
595 942 
942 1243
515 1308 
1308 1570 
1570 515
705 503 
503 754 
754 705
298 705 
705 505 
505 298
706 1079 
1079 1373 
1373 706
859 1018 
1018 1237 
1237 859
707 286 
286 875 
875 707
413 874 
874 423 
423 413
708 289 
289 502 
502 708
416 708 
708 502 
502 416
1450 425 
425 1002 
1002 1450
417 977 
977 543 
543 417
710 1200 
1200 1034 
1034 710
418 894 
894 447 
447 418
711 286 
286 707 
707 711
177 711 
711 421 
421 177
712 422 
422 564 
564 712
543 1450 
1450 1285 
1285 543
1139 1681 
1681 1571 
1571 1139
953 1434 
1434 1537 
1537 953
714 904 
904 1288 
1288 714
878 714 
714 430 
430 878
715 636 
636 345 
345 715
622 715 
715 435 
435 622
1263 1265 
1265 1572 
1572 1263
1518 965 
965 1573 
1573 1518
717 420 
420 438 
438 717
885 717 
717 438 
438 885
885 1184 
1184 1291 
1291 885
445 721 
721 1186 
1186 445
719 243 
243 583 
583 719
762 469 
469 1292 
1292 762
720 429 
429 737 
737 720
919 945 
945 471 
471 919
1186 718 
718 889 
889 1186
407 721 
721 445 
445 407
722 418 
418 447 
447 722
760 722 
722 447 
447 760
723 463 
463 42 
42 723
448 902 
902 1293 
1293 448
1125 1622 
1622 1294 
1294 1125
939 810 
810 1422 
1422 939
935 265 
265 901 
901 935
274 725 
725 453 
453 274
726 268 
268 904 
904 726
903 726 
726 456 
456 903
957 1209 
1209 583 
583 957
466 727 
727 462 
462 466
728 61 
61 60 
60 728
464 728 
728 461 
461 464
729 460 
460 1293 
1293 729
42 729 
729 723 
723 42
730 317 
317 1130 
1130 730
466 730 
730 727 
727 466
1197 1198 
1198 928 
928 1197
463 929 
929 487 
487 463
748 268 
268 932 
932 748
488 1183 
1183 880 
880 488
733 265 
265 738 
738 733
482 733 
733 467 
467 482
1130 1436 
1436 727 
727 1130
948 1305 
1305 1296 
1296 948
735 302 
302 719 
719 735
583 1292 
1292 719 
719 583
736 254 
254 455 
455 736
905 736 
736 470 
470 905
878 1621 
1621 1297 
1297 878
1554 737 
737 1182 
1182 1554
910 265 
265 472 
472 910
925 738 
738 473 
473 925
739 264 
264 920 
920 739
266 739 
739 474 
474 266
1189 453 
453 935 
935 1189
1301 934 
934 1199 
1199 1301
1196 911 
911 1408 
1408 1196
742 479 
479 1299 
1299 742
742 25 
25 253 
253 742
924 1299 
1299 479 
479 924
743 27 
27 481 
481 743
481 1417 
1417 893 
893 481
920 478 
478 474 
474 920
499 744 
744 483 
483 499
1199 1131 
1131 1300 
1300 1199
731 745 
745 484 
484 731
921 474 
474 478 
478 921
916 746 
746 485 
485 916
747 465 
465 1183 
1183 747
270 747 
747 488 
488 270
748 732 
732 1288 
1288 748
489 748 
748 490 
490 489
931 749 
749 1301 
1301 931
1136 749 
749 493 
493 1136
947 750 
750 1574 
1574 947
1575 1701 
1701 1680 
1680 1575
751 484 
484 1304 
1304 751
927 751 
751 499 
499 927
1204 279 
279 945 
945 1204
500 752 
752 510 
510 500
753 456 
456 1190 
1190 753
810 1356 
1356 501 
501 810
754 511 
511 296 
296 754
705 754 
754 505 
505 705
1143 1539 
1539 1597 
1597 1143
865 244 
244 1306 
1306 865
1674 497 
497 1287 
1287 1674
1187 1618 
1618 1307 
1307 1187
937 1490 
1490 1570 
1570 937
309 1421 
1421 1702 
1702 309
758 514 
514 516 
516 758
627 758 
758 516 
516 627
759 753 
753 501 
501 759
518 239 
239 1310 
1310 518
1409 447 
447 1034 
1034 1409
606 760 
760 596 
596 606
946 869 
869 1427 
1427 946
521 296 
296 1312 
1312 521
1292 469 
469 803 
803 1292
522 1483 
1483 1313 
1313 522
835 1588 
1588 1577 
1577 835
531 963 
963 1451 
1451 531
764 517 
517 163 
163 764
617 1049 
1049 524 
524 617
765 628 
628 338 
338 765
626 974 
974 528 
528 626
1194 468 
468 1039 
1039 1194
529 814 
814 1315 
1315 529
1206 860 
860 1558 
1558 1206
1127 1213 
1213 1535 
1535 1127
815 604 
604 1446 
1446 815
535 339 
339 1318 
1318 535
537 769 
769 1319 
1319 537
1070 1512 
1512 1578 
1578 1070
1587 770 
770 1367 
1367 1587
1612 1457 
1457 1498 
1498 1612
975 1215 
1215 1323 
1323 975
768 815 
815 1324 
1324 768
772 624 
624 231 
231 772
64 772 
772 65 
65 64
997 1338 
1338 1325 
1325 997
1512 1260 
1260 1579 
1579 1512
960 1056 
1056 1437 
1437 960
1328 1565 
1565 1580 
1580 1328
638 1074 
1074 1329 
1329 638
844 1453 
1453 1707 
1707 844
1150 1144 
1144 1724 
1724 1150
1256 1658 
1658 1566 
1566 1256
777 207 
207 659 
659 777
984 777 
777 546 
546 984
778 106 
106 347 
347 778
836 1065 
1065 638 
638 836
779 559 
559 206 
206 779
438 779 
779 548 
548 438
1661 1268 
1268 1567 
1567 1661
1561 1097 
1097 1582 
1582 1561
781 105 
105 104 
104 781
959 781 
781 550 
550 959
1082 660 
660 433 
433 1082
1011 787 
787 551 
551 1011
783 1075 
1075 1335 
1335 783
785 783 
783 670 
670 785
1471 877 
877 1336 
1336 1471
620 349 
349 1337 
1337 620
785 670 
670 1095 
1095 785
656 785 
785 554 
554 656
833 643 
643 151 
151 833
368 1461 
1461 358 
358 368
787 782 
782 551 
551 787
983 1234 
1234 572 
572 983
1070 1320 
1320 537 
537 1070
789 1151 
1151 558 
558 789
997 789 
789 1338 
1338 997
1000 1228 
1228 561 
561 1000
1386 387 
387 852 
852 1386
673 138 
138 1339 
1339 673
791 563 
563 679 
679 791
562 791 
791 679 
679 562
792 568 
568 384 
384 792
680 792 
792 563 
563 680
549 1273 
1273 1670 
1670 549
1663 793 
793 1686 
1686 1663
1376 794 
794 1583 
1583 1376
567 1096 
1096 1342 
1342 567
795 1108 
1108 1343 
1343 795
792 795 
795 568 
568 792
796 1016 
1016 1481 
1481 796
570 1012 
1012 1345 
1345 570
1343 388 
388 795 
795 1343
120 797 
797 574 
574 120
1281 983 
983 1584 
1584 1281
840 390 
390 1347 
1347 840
799 1388 
1388 1698 
1698 799
1096 799 
799 573 
573 1096
851 680 
680 386 
386 851
1008 1108 
1108 576 
576 1008
801 399 
399 697 
697 801
1534 698 
698 1348 
1348 1534
994 802 
802 1121 
1121 994
582 802 
802 652 
652 582
803 443 
443 735 
735 803
719 1292 
1292 735 
735 719
1031 812 
812 1487 
1487 1031
585 940 
940 1350 
1350 585
805 521 
521 1312 
1312 805
313 805 
805 586 
586 313
806 364 
364 657 
657 806
615 1211 
1211 1351 
1351 615
807 1395 
1395 1202 
1202 807
655 1266 
1266 1352 
1352 655
808 308 
308 635 
635 808
1029 808 
808 612 
612 1029
1188 942 
942 1585 
1585 1188
1241 592 
592 1354 
1354 1241
1295 939 
939 1422 
1422 1295
759 501 
501 1356 
1356 759
811 1191 
1191 1159 
1159 811
942 595 
595 1357 
1357 942
1349 1487 
1487 310 
310 1349
599 1489 
1489 1358 
1358 599
951 1433 
1433 521 
521 951
627 516 
516 1359 
1359 627
1205 307 
307 1143 
1143 1205
603 1315 
1315 766 
766 603
1324 815 
815 1360 
1360 1324
604 815 
815 768 
768 604
816 594 
594 1160 
1160 816
1031 1242 
1242 812 
812 1031
817 320 
320 454 
454 817
519 817 
817 606 
606 519
818 323 
323 160 
160 818
610 818 
818 609 
609 610
829 341 
341 343 
343 829
610 819 
819 631 
631 610
1042 820 
820 1361 
1361 1042
1036 820 
820 614 
614 1036
1251 353 
353 1051 
1051 1251
1041 834 
834 1586 
1586 1041
822 349 
349 620 
620 822
991 822 
822 620 
620 991
1162 814 
814 529 
529 1162
943 1611 
1611 1363 
1363 943
824 331 
331 1259 
1259 824
1251 621 
621 1689 
1689 1251
825 1317 
1317 1535 
1535 825
622 1280 
1280 702 
702 622
826 299 
299 1365 
1365 826
1164 1393 
1393 767 
767 1164
827 1513 
1513 1366 
1366 827
1056 1253 
1253 774 
774 1056
828 647 
647 1466 
1466 828
643 828 
828 633 
633 643
829 819 
819 341 
341 829
1505 829 
829 634 
634 1505
1321 1685 
1685 1587 
1587 1321
637 1332 
1332 1368 
1368 637
831 359 
359 1074 
1074 831
347 831 
831 638 
638 347
1326 1512 
1512 1705 
1705 1326
154 832 
832 642 
642 154
833 150 
150 358 
358 833
643 833 
833 786 
786 643
1362 1041 
1041 1586 
1586 1362
1067 1488 
1488 644 
644 1067
989 979 
979 1588 
1588 989
1146 1366 
1366 1371 
1371 1146
1257 1329 
1329 1074 
1074 1257
547 836 
836 651 
651 547
1155 798 
798 1347 
1347 1155
654 1105 
1105 1532 
1532 654
1240 1026 
1026 1372 
1372 1240
1352 838 
838 655 
655 1352
1083 661 
661 992 
992 1083
1267 666 
666 1375 
1375 1267
840 1347 
1347 1011 
1011 840
685 840 
840 659 
659 685
1079 1123 
1123 1589 
1589 1079
993 1289 
1289 1590 
1590 993
842 658 
658 147 
147 842
665 1267 
1267 1375 
1375 665
1526 1583 
1583 1725 
1725 1526
1229 843 
843 1709 
1709 1229
980 1604 
1604 1708 
1708 980
1094 1632 
1632 1378 
1378 1094
1274 845 
845 1671 
1671 1274
849 783 
783 1593 
1593 849
1688 567 
567 1342 
1342 1688
843 1170 
1170 1381 
1381 843
1004 1720 
1720 1382 
1382 1004
669 1666 
1666 1383 
1383 669
848 1156 
1156 1100 
1100 848
854 848 
848 675 
675 854
1593 783 
783 1335 
1335 1593
681 849 
849 1384 
1384 681
850 382 
382 872 
872 850
677 1111 
1111 686 
686 677
851 576 
576 800 
800 851
680 851 
851 800 
800 680
1173 1231 
1231 1385 
1385 1173
790 387 
387 1386 
1386 790
853 797 
797 388 
388 853
691 853 
853 683 
683 691
854 675 
675 1112 
1112 854
1113 854 
854 687 
687 1113
855 701 
701 1119 
1119 855
695 1118 
1118 1387 
1387 695
1007 1232 
1232 1475 
1475 1007
695 394 
394 1389 
1389 695
857 1101 
1101 1390 
1390 857
1113 857 
857 692 
692 1113
1115 858 
858 1482 
1482 1115
1120 699 
699 1594 
1594 1120
859 579 
579 1348 
1348 859
697 859 
859 801 
801 697
860 1206 
1206 1646 
1646 860
826 1365 
1365 1690 
1690 826
861 548 
548 226 
226 861
436 1517 
1517 1392 
1392 436
862 1181 
1181 990 
990 862
1337 862 
862 553 
553 1337
1027 409 
409 590 
590 1027
1164 332 
332 1545 
1545 1164
864 409 
409 623 
623 864
591 864 
864 227 
227 591
1195 509 
509 1557 
1557 1195
807 944 
944 1395 
1395 807
866 1675 
1675 1596 
1596 866
865 1306 
1306 1557 
1557 865
867 1161 
1161 1398 
1398 867
1433 867 
867 316 
316 1433
868 663 
663 202 
202 868
360 868 
868 653 
653 360
1311 1427 
1427 511 
511 1311
305 870 
870 946 
946 305
870 869 
869 946 
946 870
597 1023 
1023 305 
305 597
871 212 
212 2 
2 871
208 871 
871 1 
1 208
872 717 
717 204 
204 872
850 872 
872 686 
686 850
873 712 
712 349 
349 873
217 873 
873 822 
822 217
874 413 
413 1311 
1311 874
292 874 
874 511 
511 292
875 426 
426 423 
423 875
285 875 
875 286 
286 285
1019 876 
876 1399 
1399 1019
1336 1647 
1647 1400 
1400 1336
1178 1648 
1648 784 
784 1178
841 1485 
1485 1401 
1401 841
878 1297 
1297 714 
714 878
465 909 
909 1402 
1402 465
879 429 
429 720 
720 879
915 879 
879 279 
279 915
880 732 
732 748 
748 880
259 1136 
1136 748 
748 259
918 1192 
1192 1726 
1726 918
741 1135 
1135 1403 
1403 741
882 431 
431 660 
660 882
802 882 
882 221 
221 802
883 431 
431 91 
91 883
89 883 
883 90 
90 89
884 892 
892 1404 
1404 884
536 969 
969 1405 
1405 536
885 204 
204 717 
717 885
861 885 
885 438 
438 861
1391 886 
886 1406 
1406 1391
965 1127 
1127 1407 
1407 965
887 228 
228 1405 
1405 887
1404 887 
887 884 
884 1404
888 437 
437 435 
435 888
345 888 
888 435 
435 345
889 718 
718 1676 
1676 889
226 889 
889 861 
861 226
890 233 
233 1048 
1048 890
234 890 
890 327 
327 234
891 533 
533 966 
966 891
354 891 
891 348 
348 354
892 332 
332 1185 
1185 892
1404 892 
892 622 
622 1404
1298 1196 
1196 1408 
1408 1298
743 893 
893 256 
256 743
894 418 
418 905 
905 894
1208 894 
894 239 
239 1208
1034 895 
895 1409 
1409 1034
809 1159 
1159 1410 
1410 809
898 274 
274 453 
453 898
272 896 
896 491 
491 272
897 350 
350 616 
616 897
1038 897 
897 236 
236 1038
898 896 
896 274 
274 898
740 933 
933 453 
453 740
914 1536 
1536 879 
879 914
1574 1618 
1618 1411 
1411 1574
1714 1030 
1030 1727 
1727 1714
950 1702 
1702 1435 
1435 950
901 265 
265 733 
733 901
270 1132 
1132 733 
733 270
1134 491 
491 933 
933 1134
723 1293 
1293 1413 
1413 723
903 273 
273 726 
726 903
753 917 
917 456 
456 753
904 268 
268 1288 
1288 904
288 1126 
1126 714 
714 288
905 470 
470 917 
917 905
894 905 
905 1138 
1138 894
906 908 
908 1414 
1414 906
312 906 
906 321 
321 312
907 243 
243 406 
406 907
18 907 
907 301 
301 18
908 608 
608 1414 
1414 908
240 908 
908 906 
906 240
909 465 
465 926 
926 909
1403 909 
909 255 
255 1403
910 738 
738 265 
265 910
261 910 
910 267 
267 261
925 1196 
1196 467 
467 925
893 911 
911 256 
256 893
912 317 
317 611 
611 912
1038 1044 
1044 611 
611 1038
1576 1143 
1143 1597 
1597 1576
1611 1239 
1239 1484 
1484 1611
1625 469 
469 762 
762 1625
1294 429 
429 1536 
1536 1294
915 469 
469 879 
879 915
752 915 
915 279 
279 752
916 455 
455 746 
746 916
273 916 
916 485 
485 273
917 470 
470 903 
903 917
456 917 
917 903 
903 456
918 878 
878 430 
430 918
732 930 
930 430 
430 732
919 471 
471 1192 
1192 919
1135 919 
919 881 
881 1135
920 474 
474 739 
739 920
744 920 
920 483 
483 744
921 746 
746 474 
474 921
257 921 
921 478 
478 257
922 749 
749 259 
259 922
499 923 
923 260 
260 499
923 476 
476 922 
922 923
260 923 
923 922 
922 260
1299 924 
924 1417 
1417 1299
500 510 
510 1418 
1418 500
925 467 
467 738 
738 925
256 925 
925 473 
473 256
926 482 
482 1298 
1298 926
909 926 
926 255 
255 909
927 499 
499 483 
483 927
480 927 
927 282 
282 480
928 484 
484 751 
751 928
262 928 
928 258 
258 262
929 463 
463 723 
723 929
731 929 
929 271 
271 731
930 465 
465 1402 
1402 930
430 930 
930 918 
918 430
931 492 
492 936 
936 931
749 931 
931 493 
493 749
932 490 
490 748 
748 932
726 932 
932 268 
268 726
933 898 
898 453 
453 933
1131 1134 
1134 740 
740 1131
934 476 
476 1304 
1304 934
745 934 
934 484 
484 745
1189 901 
901 492 
492 1189
725 935 
935 453 
453 725
1132 492 
492 901 
901 1132
488 936 
936 270 
270 488
1179 244 
244 865 
865 1179
1177 1553 
1553 1598 
1598 1177
1207 1651 
1651 1599 
1599 1207
309 1188 
1188 1421 
1421 309
939 593 
593 1356 
1356 939
288 1355 
1355 1422 
1422 288
940 168 
168 167 
167 940
804 1350 
1350 303 
303 804
941 240 
240 519 
519 941
1409 941 
941 596 
596 1409
1357 595 
595 1354 
1354 1357
1410 311 
311 1423 
1423 1410
1363 307 
307 823 
823 1363
225 1500 
1500 1424 
1424 225
1395 944 
944 1425 
1425 1395
300 1203 
1203 1426 
1426 300
945 279 
279 720 
720 945
1554 945 
945 720 
720 1554
1311 946 
946 1427 
1427 1311
416 946 
946 413 
413 416
1302 947 
947 1574 
1574 1302
958 468 
468 1428 
1428 958
1296 1305 
1305 1429 
1429 1296
1194 948 
948 468 
468 1194
1396 949 
949 1430 
1430 1396
1391 1406 
1406 1595 
1595 1391
950 757 
757 515 
515 950
309 1702 
1702 1309 
1309 309
1047 956 
956 1600 
1600 1047
316 521 
521 1433 
1433 316
952 517 
517 764 
764 952
1031 1349 
1349 319 
319 1031
1727 1486 
1486 1714 
1714 1727
900 1207 
1207 1435 
1435 900
954 518 
518 938 
938 954
1353 1200 
1200 938 
938 1353
955 520 
520 598 
598 955
1040 1246 
1246 315 
315 1040
1432 1600 
1600 313 
313 1432
1359 956 
956 600 
600 1359
957 243 
243 907 
907 957
462 957 
957 907 
907 462
1130 958 
958 1436 
1436 1130
912 1652 
1652 317 
317 912
959 359 
359 831 
831 959
347 959 
959 831 
831 347
1327 960 
960 1437 
1437 1327
340 1210 
1210 1438 
1438 340
961 523 
523 967 
967 961
527 961 
961 534 
534 527
962 236 
236 616 
616 962
327 962 
962 616 
616 327
963 346 
346 1629 
1629 963
979 1451 
1451 763 
763 979
964 1180 
1180 1439 
1439 964
716 964 
964 1440 
1440 716
1290 1518 
1518 1573 
1573 1290
1392 1291 
1291 1601 
1601 1392
966 639 
639 445 
445 966
348 966 
966 441 
441 348
967 523 
523 989 
989 967
103 967 
967 550 
550 103
1054 626 
626 528 
528 1054
190 968 
968 191 
191 190
969 442 
442 884 
884 969
887 1405 
1405 884 
884 887
1061 1068 
1068 1505 
1505 1061
1259 970 
970 1068 
1068 1259
1579 1467 
1467 1444 
1444 1579
1443 1704 
1704 1260 
1260 1443
1217 335 
335 974 
974 1217
1324 1360 
1360 539 
539 1324
973 1457 
1457 1445 
1445 973
604 1246 
1246 1494 
1494 604
974 335 
335 765 
765 974
528 974 
974 765 
765 528
975 1252 
1252 1447 
1447 975
1360 1215 
1215 1706 
1706 1360
980 1220 
1220 1602 
1602 980
1368 1332 
1332 1691 
1691 1368
977 417 
417 414 
414 977
1124 977 
977 201 
201 1124
1285 712 
712 564 
564 1285
709 425 
425 1450 
1450 709
359 1588 
1588 1510 
1510 359
963 763 
763 1451 
1451 963
1448 1707 
1707 1708 
1708 1448
1073 1165 
1165 1546 
1546 1073
1580 981 
981 1509 
1509 1580
1142 335 
335 1455 
1455 1142
982 1497 
1497 1605 
1605 982
973 1249 
1249 1654 
1654 973
983 572 
572 1347 
1347 983
361 1346 
1346 1458 
1458 361
984 546 
546 1011 
1011 984
223 984 
984 367 
367 223
1147 1075 
1075 1631 
1631 1147
362 1071 
1071 1460 
1460 362
986 547 
547 648 
648 986
108 986 
986 648 
648 108
987 371 
371 664 
664 987
786 358 
358 1461 
1461 786
988 1472 
1472 1662 
1662 988
1273 1269 
1269 1607 
1607 1273
989 1370 
1370 550 
550 989
1451 989 
989 523 
523 1451
990 225 
225 1424 
1424 990
657 990 
990 329 
329 657
991 620 
620 553 
553 991
806 1157 
1157 364 
364 806
992 555 
555 560 
560 992
1083 992 
992 372 
372 1083
1289 993 
993 1464 
1464 1289
1282 1374 
1374 1465 
1465 1282
1121 802 
802 556 
556 1121
1086 994 
994 369 
369 1086
995 560 
560 557 
557 995
373 998 
998 557 
557 373
1444 996 
996 1466 
1466 1444
1214 343 
343 1467 
1467 1214
1338 789 
789 558 
558 1338
371 1333 
1333 1468 
1468 371
998 668 
668 1224 
1224 998
557 998 
998 995 
995 557
1325 561 
561 997 
997 1325
1333 1661 
1661 999 
999 1333
1149 1000 
1000 1469 
1469 1149
1062 1613 
1613 1608 
1608 1062
1001 680 
680 563 
563 1001
1542 1103 
1103 1277 
1277 1542
1450 978 
978 1285 
1285 1450
1400 408 
408 1471 
1471 1400
1695 843 
843 1381 
1381 1695
372 1224 
1224 1472 
1472 372
1153 1616 
1616 1609 
1609 1153
1635 1154 
1154 1528 
1528 1635
1005 376 
376 1091 
1091 1005
1386 1005 
1005 682 
682 1386
1388 1636 
1636 1475 
1475 1388
1114 1006 
1006 391 
391 1114
1156 1007 
1007 1636 
1636 1156
391 1175 
1175 848 
848 391
1008 576 
576 1477 
1477 1008
856 394 
394 1552 
1552 856
1009 571 
571 395 
395 1009
688 1110 
1110 395 
395 688
1010 556 
556 802 
802 1010
221 1010 
1010 802 
802 221
1011 572 
572 787 
787 1011
984 1011 
1011 551 
551 984
1477 570 
570 1478 
1478 1477
851 1154 
1154 576 
576 851
1344 1013 
1013 1479 
1479 1344
1153 1634 
1634 381 
381 1153
1014 393 
393 693 
693 1014
689 1014 
1014 396 
396 689
1015 207 
207 385 
385 1015
569 1015 
1015 385 
385 569
1098 1529 
1529 1713 
1713 1098
1344 1479 
1479 1481 
1481 1344
1278 683 
683 1108 
1108 1278
1478 1552 
1552 1008 
1008 1478
1018 663 
663 412 
412 1018
652 1086 
1086 412 
412 652
1284 579 
579 706 
706 1284
1400 1019 
1019 408 
408 1400
1020 700 
700 580 
580 1020
405 1020 
1020 400 
400 405
1021 696 
696 581 
581 1021
688 395 
395 1482 
1482 688
1313 762 
762 583 
583 1313
734 1302 
1302 1483 
1483 734
1023 586 
586 870 
870 1023
305 1023 
1023 870 
870 305
1024 529 
529 1315 
1315 1024
1044 1024 
1024 603 
603 1044
1025 509 
509 1195 
1195 1025
307 1363 
1363 1611 
1611 307
1026 1401 
1401 1485 
1485 1026
838 1169 
1169 1549 
1549 838
1028 590 
590 592 
592 1028
826 1027 
1027 299 
299 826
1028 299 
299 1027 
1027 1028
590 1028 
1028 1027 
1027 590
1029 592 
592 590 
590 1029
808 1029 
1029 590 
590 808
1434 452 
452 1137 
1137 1434
1207 1599 
1599 1486 
1486 1207
1349 1031 
1031 1487 
1487 1349
834 644 
644 1488 
1488 834
1238 1023 
1023 594 
594 1238
599 1036 
1036 1492 
1492 599
1033 309 
309 1309 
1309 1033
937 1419 
1419 1490 
1490 937
1034 447 
447 710 
710 1034
1410 1034 
1034 311 
311 1410
1249 614 
614 1216 
1216 1249
336 1446 
1446 1491 
1491 336
1036 1432 
1432 1492 
1492 1036
820 1036 
1036 599 
599 820
1037 600 
600 1244 
1244 1037
973 1491 
1491 1493 
1493 973
1038 611 
611 602 
602 1038
897 1038 
1038 324 
324 897
1039 468 
468 958 
958 1039
1130 1039 
1039 958 
958 1130
1246 1040 
1040 1494 
1494 1246
627 1040 
1040 315 
315 627
1041 644 
644 834 
834 1041
617 1369 
1369 1586 
1586 617
1361 820 
820 1563 
1563 1361
1046 1654 
1654 1495 
1495 1046
1043 1045 
1045 1496 
1496 1043
507 1191 
1191 908 
908 507
1044 236 
236 1024 
1024 1044
1194 1652 
1652 603 
603 1194
1045 241 
241 1496 
1496 1045
1248 1045 
1045 1043 
1043 1248
982 1046 
1046 1497 
1497 982
1322 1737 
1737 1612 
1612 1322
1245 1244 
1244 1499 
1499 1245
956 1047 
1047 600 
600 956
1048 588 
588 890 
890 1048
1157 1048 
1048 233 
233 1157
1049 834 
834 319 
319 1049
524 1049 
1049 764 
764 524
1424 943 
943 1363 
1363 1424
1169 838 
838 1500 
1500 1169
1367 1051 
1051 1501 
1501 1367
1222 328 
328 1502 
1502 1222
1247 1258 
1258 1041 
1041 1247
1042 1361 
1361 1503 
1503 1042
1053 332 
332 892 
892 1053
227 1053 
1053 442 
442 227
1054 968 
968 626 
626 1054
192 1054 
1054 528 
528 192
1142 1455 
1455 632 
632 1142
972 1706 
1706 1504 
1504 972
1056 774 
774 1437 
1437 1056
340 1058 
1058 1210 
1210 340
1057 630 
630 1072 
1072 1057
541 1057 
1057 346 
346 541
1058 340 
340 628 
628 1058
765 1059 
1059 628 
628 765
1059 632 
632 1058 
1058 1059
628 1059 
1059 1058 
1058 628
1060 343 
343 156 
156 1060
996 1060 
1060 642 
642 996
1443 1061 
1061 1505 
1505 1443
769 1148 
1148 1319 
1319 769
1062 1644 
1644 1743 
1743 1062
1230 1524 
1524 1562 
1562 1230
1377 1693 
1693 1614 
1614 1377
981 1218 
1218 1509 
1509 981
1167 1064 
1064 1510 
1510 1167
1271 1064 
1064 1511 
1511 1271
1065 778 
778 638 
638 1065
547 1065 
1065 836 
836 547
1145 621 
621 1251 
1251 1145
1503 1066 
1066 328 
328 1503
1067 644 
644 1258 
1258 1067
1242 1067 
1067 605 
605 1242
1068 970 
970 1505 
1505 1068
353 1254 
1254 1061 
1061 353
1069 356 
356 371 
371 1069
1468 1069 
1069 371 
371 1468
1326 1578 
1578 1512 
1512 1326
788 1320 
1320 1578 
1578 788
1071 547 
547 985 
985 1071
1460 1071 
1071 985 
985 1460
1072 346 
346 1057 
1057 1072
1327 1437 
1437 630 
630 1327
1165 1073 
1073 1513 
1513 1165
1377 1614 
1614 1615 
1615 1377
1074 638 
638 831 
831 1074
1510 1074 
1074 359 
359 1510
1459 1631 
1631 651 
651 1459
845 1380 
1380 1593 
1593 845
1086 1018 
1018 412 
412 1086
1079 706 
706 1516 
1516 1079
1291 204 
204 885 
885 1291
1078 1084 
1084 1517 
1517 1078
1517 654 
654 1077 
1077 1517
965 1407 
1407 1573 
1573 965
1373 1079 
1079 1589 
1589 1373
1076 1516 
1516 706 
706 1076
1085 1266 
1266 1673 
1673 1085
1426 1080 
1080 300 
300 1426
1081 368 
368 358 
358 1081
148 1081 
1081 149 
149 148
1082 433 
433 223 
223 1082
551 1082 
1082 367 
367 551
1712 372 
372 1472 
1472 1712
1375 1083 
1083 665 
665 1375
1105 1084 
1084 1520 
1520 1105
1517 1084 
1084 654 
654 1517
1440 300 
300 1521 
1521 1440
1080 1085 
1085 300 
300 1080
1086 369 
369 1516 
1516 1086
1018 1086 
1086 1076 
1076 1018
1461 1087 
1087 1523 
1523 1461
666 1087 
1087 368 
368 666
1088 1083 
1083 372 
372 1088
1097 1670 
1670 1522 
1522 1097
1267 1087 
1087 666 
666 1267
1088 1463 
1463 1669 
1669 1088
1090 1268 
1268 1523 
1523 1090
1089 1090 
1090 1087 
1087 1089
1091 376 
376 843 
843 1091
379 1091 
1091 674 
674 379
1092 668 
668 998 
998 1092
565 1092 
1092 373 
373 565
1093 847 
847 1524 
1524 1093
1276 1609 
1609 1616 
1616 1276
1099 1275 
1275 1568 
1568 1099
1147 1632 
1632 357 
357 1147
1107 681 
681 1542 
1542 1107
785 1095 
1095 552 
552 785
1096 567 
567 1476 
1476 1096
1479 1096 
1096 573 
573 1479
1376 1583 
1583 1526 
1526 1376
1686 1334 
1334 1582 
1582 1686
1102 1529 
1529 1527 
1527 1102
1154 386 
386 1528 
1528 1154
1099 672 
672 1671 
1671 1099
1515 1172 
1172 1099 
1099 1515
1100 567 
567 846 
846 1100
1170 1173 
1173 846 
846 1170
1176 857 
857 687 
687 1176
684 1101 
1101 387 
387 684
1102 1525 
1525 1713 
1713 1102
1720 1276 
1276 1530 
1530 1720
1103 681 
681 1384 
1384 1103
1480 1528 
1528 1531 
1531 1480
1677 204 
204 1291 
1291 1677
654 1104 
1104 1077 
1077 654
1105 1520 
1520 1532 
1532 1105
1084 1105 
1105 654 
654 1084
1480 1531 
1531 676 
676 1480
1001 1106 
1106 386 
386 1001
1107 1095 
1095 681 
681 1107
375 1107 
1107 377 
377 375
1108 795 
795 383 
383 1108
800 1108 
1108 383 
383 800
1116 691 
691 683 
683 1116
695 1109 
1109 394 
394 695
1110 692 
692 1233 
1233 1110
395 1110 
1110 1009 
1009 395
1155 677 
677 1532 
1532 1155
850 1111 
1111 390 
390 850
1112 675 
675 1231 
1231 1112
387 1176 
1176 852 
852 387
1113 391 
391 854 
854 1113
857 1113 
1113 687 
687 857
1279 391 
391 1113 
1113 1279
858 1114 
1114 688 
688 858
1594 855 
855 1120 
1120 1594
688 1482 
1482 858 
858 688
1116 683 
683 1017 
1017 1116
1552 1116 
1116 1017 
1017 1552
1117 691 
691 1109 
1109 1117
1014 1117 
1117 393 
393 1014
1387 1118 
1118 1533 
1533 1387
1389 1118 
1118 695 
695 1389
1119 405 
405 694 
694 1119
855 1119 
1119 403 
403 855
1120 403 
403 693 
693 1120
1387 1594 
1594 699 
699 1387
1569 556 
556 1281 
1281 1569
1123 1264 
1264 703 
703 1123
1122 595 
595 704 
704 1122
1553 1316 
1316 704 
704 1553
1374 1123 
1123 1617 
1617 1374
1519 1589 
1589 841 
841 1519
1124 876 
876 425 
425 1124
977 1124 
1124 709 
709 977
1133 1622 
1622 737 
737 1133
750 1307 
1307 1618 
1618 750
1126 810 
810 501 
501 1126
714 1126 
1126 904 
904 714
1407 1127 
1127 1619 
1619 1407
718 1213 
1213 1620 
1620 718
1182 1128 
1128 1621 
1621 1182
1622 1128 
1128 737 
737 1622
1129 266 
266 474 
474 1129
455 1129 
1129 746 
746 455
1436 958 
958 734 
734 1436
730 1130 
1130 727 
727 730
1131 740 
740 1300 
1300 1131
271 1131 
1131 745 
745 271
1132 936 
936 492 
492 1132
733 1132 
1132 901 
901 733
1133 1294 
1294 1622 
1622 1133
429 1133 
1133 737 
737 429
1134 902 
902 491 
491 1134
740 1134 
1134 933 
933 740
1403 881 
881 909 
909 1403
924 1135 
1135 741 
741 924
1136 493 
493 488 
488 1136
748 1136 
1136 880 
880 748
1137 452 
452 1623 
1623 1137
1294 1416 
1416 1678 
1678 1294
1138 905 
905 917 
917 1138
759 1138 
1138 753 
753 759
1307 1575 
1575 1728 
1728 1307
1394 1139 
1139 755 
755 1394
1538 1681 
1681 244 
244 1538
756 1140 
1140 757 
757 756
1141 899 
899 1416 
1416 1141
762 242 
242 1625 
1625 762
1142 632 
632 1059 
1059 1142
765 1142 
1142 1059 
1059 765
1415 1597 
1597 1195 
1195 1415
766 1205 
1205 1626 
1626 766
1144 1540 
1540 1657 
1657 1144
769 1331 
1331 1628 
1628 769
1145 1502 
1502 621 
621 1145
1367 1145 
1145 1051 
1051 1367
1146 1371 
1371 1629 
1629 1146
827 1366 
1366 1630 
1630 827
1459 1147 
1147 1631 
1631 1459
1094 357 
357 1632 
1632 1094
1148 769 
769 1628 
1628 1148
1321 1148 
1148 776 
776 1321
1227 1469 
1469 561 
561 1227
793 1149 
1149 780 
780 793
1628 1331 
1331 1633 
1633 1628
1151 1150 
1150 788 
788 1151
1151 788 
788 558 
558 1151
1228 1151 
1151 789 
789 1228
1152 1001 
1001 563 
563 1152
377 1152 
1152 791 
791 377
1697 1609 
1609 1382 
1382 1697
1013 381 
381 1634 
1634 1013
1610 1474 
1474 1635 
1635 1610
796 1154 
1154 1016 
1016 796
1155 1111 
1111 677 
677 1155
798 1155 
1155 837 
837 798
1156 848 
848 1007 
1007 1156
1388 799 
799 1636 
1636 1388
1157 618 
618 991 
991 1157
1048 1157 
1157 806 
806 1048
1158 1439 
1439 1637 
1637 1158
1179 865 
865 1649 
1649 1179
1410 895 
895 1034 
1034 1410
811 1159 
1159 809 
809 811
1160 804 
804 1487 
1487 1160
816 1160 
1160 812 
812 816
1161 306 
306 601 
601 1161
813 1161 
1161 867 
867 813
1162 329 
329 619 
619 1162
814 1162 
1162 823 
823 814
1163 818 
818 331 
331 1163
1689 1369 
1369 824 
824 1689
1164 767 
767 886 
886 1164
1317 1555 
1555 1639 
1639 1317
1513 1073 
1073 650 
650 1513
1328 1580 
1580 1640 
1640 1328
1166 770 
770 830 
830 1166
1691 1566 
1566 830 
830 1691
1510 1064 
1064 1074 
1074 1510
1314 1550 
1550 835 
835 1314
1168 943 
943 1050 
1050 1168
838 1250 
1250 1050 
1050 838
1500 838 
838 1050 
1050 1500
1181 1372 
1372 225 
225 1181
1381 846 
846 1688 
1688 1381
376 1170 
1170 843 
843 376
1171 650 
650 1073 
1073 1171
844 1262 
1262 1641 
1641 844
1275 1172 
1172 1642 
1642 1275
845 1515 
1515 1099 
1099 845
1231 1005 
1005 852 
852 1231
846 1173 
1173 1385 
1385 846
1613 1174 
1174 1643 
1643 1613
1562 847 
847 1644 
1644 1562
1232 1006 
1006 1389 
1389 1232
848 1175 
1175 1007 
1007 848
1176 1101 
1101 857 
857 1176
852 1176 
1176 1112 
1112 852
1177 1419 
1419 1645 
1645 1177
1595 860 
860 1646 
1646 1595
1336 1178 
1178 1647 
1647 1336
862 1337 
1337 1648 
1648 862
1179 937 
937 1538 
1538 1179
1397 1158 
1158 1649 
1649 1397
1518 1290 
1290 1718 
1718 1518
1439 1180 
1180 1675 
1675 1439
1181 862 
862 1648 
1648 1181
1372 1181 
1181 877 
877 1372
1182 737 
737 1128 
1128 1182
1297 1621 
1621 1128 
1128 1297
1183 465 
465 930 
930 1183
732 1183 
1183 930 
930 732
1442 1601 
1601 1741 
1741 1442
861 1184 
1184 885 
885 861
1185 332 
332 1164 
1164 1185
886 1639 
1639 1164 
1164 886
1186 721 
721 718 
718 1186
441 1186 
1186 889 
889 441
1187 713 
713 1703 
1703 1187
1623 1624 
1624 1137 
1137 1623
809 1585 
1585 1357 
1357 809
900 1421 
1421 1651 
1651 900
1189 740 
740 453 
453 1189
901 1189 
1189 935 
935 901
1190 456 
456 726 
726 1190
1126 1190 
1190 904 
904 1126
1191 811 
811 1248 
1248 1191
908 1191 
1191 1043 
1043 908
1726 471 
471 1621 
1621 1726
1402 1192 
1192 918 
918 1402
1193 741 
741 1403 
1403 1193
893 1193 
1193 911 
911 893
1194 766 
766 948 
948 1194
912 1044 
1044 1652 
1652 912
1195 755 
755 1415 
1415 1195
1025 1195 
1195 913 
913 1025
1196 482 
482 467 
467 1196
911 1196 
1196 925 
925 911
1198 487 
487 731 
731 1198
262 1197 
1197 928 
928 262
1198 1197 
1197 487 
487 1198
484 1198 
1198 731 
731 484
1301 492 
492 931 
931 1301
745 1199 
1199 934 
934 745
1200 710 
710 1208 
1208 1200
938 1200 
1200 954 
954 938
1243 1033 
1033 704 
704 1243
1188 1201 
1201 942 
942 1188
1202 509 
509 1025 
1025 1202
1239 1202 
1202 1025 
1025 1239
1203 1440 
1440 1653 
1653 1203
1426 1203 
1203 944 
944 1426
1204 510 
510 752 
752 1204
919 1204 
1204 945 
945 919
1205 814 
814 307 
307 1205
1576 1626 
1626 1143 
1143 1576
1283 1553 
1553 1033 
1033 1283
949 1595 
1595 1646 
1646 949
1420 1599 
1599 518 
518 1420
1435 1207 
1207 953 
953 1435
1208 239 
239 518 
518 1208
1200 1208 
1208 954 
954 1200
1209 522 
522 1313 
1313 1209
462 1209 
1209 957 
957 462
1210 1058 
1058 632 
632 1210
960 1210 
1210 1056 
1056 960
1211 615 
615 529 
529 1211
962 1211 
1211 1024 
1024 962
1518 1650 
1650 436 
436 1518
716 1212 
1212 1180 
1180 716
1213 407 
407 1535 
1535 1213
965 1620 
1620 1127 
1127 965
1467 343 
343 1060 
1060 1467
1704 1214 
1214 971 
971 1704
1323 538 
538 1612 
1612 1323
1447 1706 
1706 975 
975 1447
1495 1216 
1216 1503 
1503 1495
1457 973 
973 1654 
1654 1457
1217 972 
972 1504 
1504 1217
626 1217 
1217 974 
974 626
1509 1218 
1218 1731 
1731 1509
1055 1252 
1252 981 
981 1055
1219 352 
352 1729 
1729 1219
1627 1560 
1560 1744 
1744 1627
1220 976 
976 1602 
1602 1220
1592 1615 
1615 980 
980 1592
1221 1683 
1683 1658 
1658 1221
1655 1509 
1509 1731 
1731 1655
1222 1502 
1502 1660 
1660 1222
1046 1495 
1495 1497 
1497 1046
1223 780 
780 1227 
1227 1223
1333 987 
987 1661 
1661 1333
1224 995 
995 998 
998 1224
1606 988 
988 1662 
1662 1606
1225 361 
361 1464 
1464 1225
1617 1225 
1225 993 
993 1617
1662 1003 
1003 1606 
1606 1662
668 1226 
1226 1224 
1224 668
1227 561 
561 999 
999 1227
1223 1227 
1227 999 
999 1223
1228 789 
789 561 
561 1228
1656 1729 
1729 1000 
1000 1656
1229 674 
674 843 
843 1229
1226 1229 
1229 1003 
1003 1226
1382 1230 
1230 1696 
1696 1382
1720 1524 
1524 1230 
1230 1720
1385 675 
675 848 
848 1385
1005 1231 
1231 1173 
1173 1005
1388 1475 
1475 1664 
1664 1388
1175 1232 
1232 1007 
1007 1175
1233 389 
389 133 
133 1233
1110 1233 
1233 1009 
1009 1110
1234 983 
983 556 
556 1234
787 1234 
1234 1010 
1010 787
1272 1235 
1235 1668 
1668 1272
1634 1235 
1235 1013 
1013 1634
1236 574 
574 691 
691 1236
1014 1236 
1236 1117 
1117 1014
1237 579 
579 859 
859 1237
1076 1237 
1237 1018 
1018 1076
1238 816 
816 1489 
1489 1238
1023 1238 
1238 1032 
1032 1023
1239 1168 
1168 1548 
1548 1239
1484 1239 
1239 1025 
1025 1484
1519 1700 
1700 1373 
1373 1519
1549 1372 
1372 1026 
1026 1549
1241 595 
595 1122 
1122 1241
592 1241 
1241 1028 
1028 592
1242 1358 
1358 812 
812 1242
1067 1242 
1242 1031 
1031 1067
1243 942 
942 1201 
1201 1243
1033 1243 
1243 1201 
1201 1033
1499 1047 
1047 1432 
1432 1499
1037 1244 
1244 1035 
1035 1037
1245 1035 
1035 1244 
1244 1245
1047 1499 
1499 1244 
1244 1047
1246 955 
955 315 
315 1246
1037 1494 
1494 1040 
1040 1037
1258 1066 
1066 1052 
1052 1258
1362 1247 
1247 1041 
1041 1362
1248 592 
592 1045 
1045 1248
1191 1248 
1248 1043 
1043 1191
1249 1035 
1035 1245 
1245 1249
1495 1654 
1654 1216 
1216 1495
1250 589 
589 1548 
1548 1250
1050 1250 
1250 1168 
1168 1050
1251 821 
821 1254 
1254 1251
1145 1251 
1251 1051 
1051 1145
1252 1218 
1218 981 
981 1252
1447 1252 
1252 1055 
1055 1447
1253 1328 
1328 1665 
1665 1253
632 1253 
1253 1056 
1056 632
1254 821 
821 1259 
1259 1254
1061 1254 
1254 1068 
1068 1061
1255 1383 
1383 1666 
1666 1255
1613 1062 
1062 1743 
1743 1613
1256 637 
637 1063 
1063 1256
1221 1658 
1658 1063 
1063 1221
1329 651 
651 836 
836 1329
1064 1257 
1257 1074 
1074 1064
1258 644 
644 1041 
1041 1258
1066 1258 
1258 1247 
1247 1066
1259 331 
331 970 
970 1259
1254 1259 
1259 1068 
1068 1254
1260 971 
971 1579 
1579 1260
537 1260 
1260 1070 
1070 537
1261 1146 
1146 1629 
1629 1261
1437 1261 
1261 1072 
1072 1437
1262 544 
544 1550 
1550 1262
1073 1641 
1641 1171 
1171 1073
1263 361 
361 1084 
1084 1263
1078 1265 
1265 1084 
1084 1078
1264 1121 
1121 703 
703 1264
1079 1264 
1264 1123 
1123 1079
1572 1212 
1212 716 
716 1572
1084 1265 
1265 1263 
1263 1084
1673 655 
655 1282 
1282 1673
1080 1266 
1266 1085 
1085 1080
1267 665 
665 1089 
1089 1267
1087 1267 
1267 1089 
1089 1087
1268 987 
987 1523 
1523 1268
1089 1269 
1269 1090 
1090 1089
1269 549 
549 1567 
1567 1269
1090 1269 
1269 1268 
1268 1090
1270 847 
847 1093 
1093 1270
1102 1527 
1527 1093 
1093 1102
1330 1378 
1378 1732 
1732 1330
1632 1271 
1271 1378 
1378 1632
1342 1272 
1272 1668 
1668 1342
1479 1272 
1272 1096 
1096 1479
1463 1607 
1607 1669 
1669 1463
1561 1340 
1340 1670 
1670 1561
1379 1274 
1274 1671 
1671 1379
1480 1274 
1274 1098 
1098 1480
1568 669 
669 1383 
1383 1568
1172 1275 
1275 1099 
1099 1172
1543 1616 
1616 381 
381 1543
1530 1276 
1276 1102 
1102 1530
1542 1152 
1152 377 
377 1542
1106 1277 
1277 1103 
1103 1106
1278 1017 
1017 683 
683 1278
1008 1278 
1278 1108 
1108 1008
1279 1114 
1114 391 
391 1279
692 1279 
1279 1113 
1113 692
1280 622 
622 892 
892 1280
1185 1555 
1555 892 
892 1185
1281 556 
556 983 
983 1281
798 1458 
1458 1584 
1584 798
1374 1282 
1282 1672 
1672 1374
1266 655 
655 1673 
1673 1266
1553 1177 
1177 1206 
1206 1553
515 1283 
1283 1033 
1033 515
1284 408 
408 1019 
1019 1284
579 1284 
1284 1019 
1019 579
1285 978 
978 712 
712 1285
543 1285 
1285 564 
564 543
1305 1576 
1576 1733 
1733 1305
1139 1286 
1286 755 
755 1139
1287 1537 
1537 1674 
1674 1287
1435 1287 
1287 497 
497 1435
1288 268 
268 748 
748 1288
430 1288 
1288 732 
732 430
1590 662 
662 1465 
1465 1590
1225 1464 
1464 993 
993 1225
1290 1596 
1596 1675 
1675 1290
1212 1650 
1650 1718 
1718 1212
1601 1291 
1291 1676 
1676 1601
1104 204 
204 1677 
1677 1104
1292 803 
803 735 
735 1292
762 1292 
1292 583 
583 762
1293 723 
723 729 
729 1293
448 1293 
1293 460 
460 448
1294 1133 
1133 429 
429 1294
1618 1187 
1187 1740 
1740 1618
1623 1723 
1723 1125 
1125 1623
939 1295 
1295 452 
452 939
1428 1296 
1296 1679 
1679 1428
948 1296 
1296 468 
468 948
1355 1128 
1128 724 
724 1355
714 1297 
1297 288 
288 714
1298 255 
255 926 
926 1298
1196 1298 
1298 482 
482 1196
1417 924 
924 741 
741 1417
742 1299 
1299 481 
481 742
1300 740 
740 1189 
1189 1300
1301 1300 
1300 492 
492 1301
1301 476 
476 934 
934 1301
1300 1301 
1301 1199 
1199 1300
1483 242 
242 1022 
1022 1483
1428 1679 
1679 734 
734 1428
1303 1556 
1556 512 
512 1303
1733 1576 
1576 1701 
1701 1733
1304 484 
484 934 
934 1304
923 1304 
1304 476 
476 923
1305 512 
512 1429 
1429 1305
766 1626 
1626 948 
948 766
1306 244 
244 1139 
1139 1306
1195 1557 
1557 1394 
1394 1195
1571 1738 
1738 1680 
1680 1571
1187 1307 
1307 713 
713 1187
1308 515 
515 757 
757 1308
1139 244 
244 1681 
1681 1139
1309 950 
950 515 
515 1309
1033 1309 
1309 515 
515 1033
1310 759 
759 1356 
1356 1310
1412 1310 
1310 593 
593 1412
1311 511 
511 874 
874 1311
946 1311 
1311 413 
413 946
1312 761 
761 869 
869 1312
805 1312 
1312 586 
586 805
1313 1022 
1022 762 
762 1313
1209 1313 
1313 583 
583 1209
1314 650 
650 1171 
1171 1314
1262 1550 
1550 1171 
1171 1262
1315 814 
814 766 
766 1315
1024 1315 
1315 603 
603 1024
1316 299 
299 1122 
1122 1316
704 1316 
1316 1122 
1122 704
1317 825 
825 1555 
1555 1317
1619 1317 
1317 886 
886 1619
1318 768 
768 1324 
1324 1318
626 1318 
1318 539 
539 626
1319 1148 
1148 1682 
1682 1319
1443 1319 
1319 1061 
1061 1443
1320 788 
788 1331 
1331 1320
537 1320 
1320 769 
769 537
1321 1501 
1501 1148 
1148 1321
1603 1685 
1685 776 
776 1603
1547 982 
982 1605 
1605 1547
1221 1559 
1559 1683 
1683 1221
1323 1215 
1215 538 
538 1323
545 1683 
1683 1684 
1684 545
1360 815 
815 771 
771 1360
1318 1324 
1324 539 
539 1318
1333 371 
371 987 
987 1333
561 1325 
1325 999 
999 561
1326 773 
773 1338 
1338 1326
788 1578 
1578 558 
558 788
1327 630 
630 342 
342 1327
1438 1327 
1327 525 
525 1438
1665 1640 
1640 827 
827 1665
632 1565 
1565 1253 
1253 632
1329 1257 
1257 651 
651 1329
638 1329 
1329 836 
836 638
1378 1330 
1330 1694 
1694 1378
1511 544 
544 1732 
1732 1511
1331 769 
769 1320 
1320 1331
1150 1331 
1331 788 
788 1150
1603 1368 
1368 1685 
1685 1603
1256 1332 
1332 637 
637 1256
1333 999 
999 1325 
1325 1333
1468 1333 
1333 1325 
1325 1468
1334 793 
793 780 
780 1334
1223 1340 
1340 780 
780 1223
1335 1075 
1075 357 
357 1335
845 1593 
1593 1515 
1515 845
1647 1178 
1178 1002 
1002 1647
876 1400 
1400 425 
425 876
1337 784 
784 1648 
1648 1337
620 1337 
1337 553 
553 620
1338 558 
558 1326 
1326 1338
1468 1338 
1338 773 
773 1468
1339 790 
790 1386 
1386 1339
667 1339 
1339 682 
682 667
1340 1334 
1334 780 
780 1340
1567 1340 
1340 1223 
1223 1567
1582 1341 
1341 1686 
1686 1582
1591 988 
988 1739 
1739 1591
1342 1096 
1096 1272 
1272 1342
846 567 
567 1688 
1688 846
1343 683 
683 853 
853 1343
388 1343 
1343 853 
853 388
1344 381 
381 1013 
1013 1344
1272 1479 
1479 1013 
1013 1272
1345 796 
796 1479 
1479 1345
799 1345 
1345 573 
573 799
1346 361 
361 1225 
1225 1346
1569 1346 
1346 1225 
1225 1569
1347 798 
798 983 
983 1347
1011 1347 
1347 572 
572 1011
1348 801 
801 859 
859 1348
1019 1399 
1399 579 
579 1019
1349 310 
310 952 
952 1349
319 1349 
1349 952 
952 319
1350 804 
804 1160 
1160 1350
597 1350 
1350 594 
594 597
1351 1048 
1048 806 
806 1351
329 1351 
1351 657 
657 329
1352 1266 
1266 1080 
1080 1352
1250 1352 
1352 589 
589 1250
1353 311 
311 1200 
1200 1353
1599 1651 
1651 938 
938 1599
1357 811 
811 809 
809 1357
1241 1354 
1354 595 
595 1241
1355 288 
288 1297 
1297 1355
1723 1355 
1355 724 
724 1723
1356 810 
810 939 
939 1356
1310 1356 
1356 593 
593 1310
1357 1354 
1354 811 
811 1357
1423 1585 
1585 809 
809 1423
1358 816 
816 812 
812 1358
1563 1358 
1358 1242 
1242 1563
1359 813 
813 956 
956 1359
1040 1359 
1359 600 
600 1040
1360 771 
771 1215 
1215 1360
539 1360 
1360 972 
972 539
1361 605 
605 1052 
1052 1361
1066 1503 
1503 1052 
1052 1066
1362 1369 
1369 1689 
1689 1362
1247 1362 
1362 621 
621 1247
1363 823 
823 1162 
1162 1363
1424 1363 
1363 619 
619 1424
1364 407 
407 445 
445 1364
825 1364 
1364 702 
702 825
1558 299 
299 1316 
1316 1558
767 826 
826 1690 
1690 767
1366 650 
650 1371 
1371 1366
1261 1630 
1630 1146 
1146 1261
1367 770 
770 1145 
1145 1367
353 1501 
1501 1051 
1051 353
1685 1368 
1368 1691 
1691 1685
1633 1742 
1742 1603 
1603 1633
1369 617 
617 1163 
1163 1369
824 1369 
1369 1163 
1163 824
1370 359 
359 959 
959 1370
550 1370 
1370 959 
959 550
1577 1314 
1314 835 
835 1577
1629 1371 
1371 763 
763 1629
1372 1169 
1169 1500 
1500 1372
1240 1372 
1372 877 
877 1240
1373 408 
408 1284 
1284 1373
706 1373 
1373 1284 
1284 706
1672 1282 
1282 1485 
1485 1672
703 1617 
1617 1123 
1123 703
1375 842 
842 839 
839 1375
1083 1375 
1375 839 
839 1083
1376 1526 
1526 1710 
1710 1376
1473 1583 
1583 794 
794 1473
1377 1514 
1514 1693 
1693 1377
637 1508 
1508 1614 
1614 637
1378 1271 
1271 1732 
1732 1378
669 1642 
1642 1694 
1694 669
1529 672 
672 1527 
1527 1529
1274 1379 
1379 1098 
1098 1274
1380 845 
845 1274 
1274 1380
1384 1380 
1380 676 
676 1384
1381 1170 
1170 846 
846 1381
1462 1709 
1709 1695 
1695 1462
1663 1382 
1382 1696 
1696 1663
1473 1609 
1609 1697 
1697 1473
1383 1255 
1255 847 
847 1383
672 1568 
1568 1270 
1270 672
1384 849 
849 1380 
1380 1384
1103 1384 
1384 676 
676 1103
1385 1231 
1231 675 
675 1385
846 1385 
1385 1100 
1100 846
1386 852 
852 1005 
1005 1386
1339 1386 
1386 682 
682 1339
1533 1118 
1118 858 
858 1533
695 1387 
1387 699 
699 695
1388 1664 
1664 1698 
1698 1388
1476 1636 
1636 799 
799 1476
1389 856 
856 1232 
1232 1389
690 1389 
1389 1006 
1006 690
1390 684 
684 134 
134 1390
1233 1390 
1390 389 
389 1233
1391 532 
532 1619 
1619 1391
767 1406 
1406 886 
886 767
1677 1077 
1077 1104 
1104 1677
1184 1676 
1676 1291 
1291 1184
1393 863 
863 826 
826 1393
767 1393 
1393 826 
826 767
1394 1306 
1306 1139 
1139 1394
1195 1394 
1394 755 
755 1195
1425 944 
944 1397 
1397 1425
1202 1395 
1395 509 
509 1202
1396 532 
532 1431 
1431 1396
1177 1645 
1645 1699 
1699 1177
1544 944 
944 1203 
1203 1544
1638 1649 
1649 1158 
1158 1638
1398 601 
601 298 
298 1398
316 1398 
1398 411 
411 316
1399 876 
876 1124 
1124 1399
579 1399 
1399 1348 
1348 579
1400 876 
876 1019 
1019 1400
1700 1471 
1471 408 
408 1700
1401 1026 
1026 1240 
1240 1401
408 1373 
1373 1700 
1700 408
1402 909 
909 1192 
1192 1402
930 1402 
1402 918 
918 930
1403 1135 
1135 881 
881 1403
1408 1403 
1403 255 
255 1408
1404 622 
622 435 
435 1404
437 1404 
1404 435 
435 437
1405 969 
969 884 
884 1405
337 1405 
1405 228 
228 337
1406 767 
767 1690 
1690 1406
1595 1406 
1406 860 
860 1595
1619 1127 
1127 1317 
1317 1619
1441 1573 
1573 532 
532 1441
1408 1193 
1193 1403 
1403 1408
1298 1408 
1408 255 
255 1298
1409 596 
596 760 
760 1409
447 1409 
1409 760 
760 447
1410 1159 
1159 895 
895 1410
1353 1423 
1423 311 
311 1353
1411 899 
899 1141 
1141 1411
1302 1411 
1411 242 
242 1302
1412 518 
518 1310 
1310 1412
939 1412 
1412 593 
593 939
1413 902 
902 1134 
1134 1413
723 1413 
1413 271 
271 723
1414 608 
608 461 
461 1414
321 1414 
1414 526 
526 321
1415 755 
755 1286 
1286 1415
1303 512 
512 1733 
1733 1303
1416 914 
914 1141 
1141 1416
1678 1416 
1416 899 
899 1678
1417 741 
741 1193 
1193 1417
893 1417 
1417 1193 
1193 893
1418 924 
924 479 
479 1418
253 1418 
1418 479 
479 253
1419 937 
937 1179 
1179 1419
1645 1419 
1419 410 
410 1645
1420 518 
518 1412 
1412 1420
1030 1714 
1714 1412 
1412 1030
1651 1188 
1188 1353 
1353 1651
950 1309 
1309 1702 
1702 950
1422 1355 
1355 1295 
1295 1422
1126 1422 
1422 810 
810 1126
1585 1353 
1353 1188 
1188 1585
1410 1423 
1423 809 
809 1410
1424 1050 
1050 943 
943 1424
990 1424 
1424 619 
619 990
1425 1397 
1397 865 
865 1425
1395 1425 
1425 509 
509 1395
1426 944 
944 807 
807 1426
1080 1426 
1426 807 
807 1080
1427 869 
869 761 
761 1427
511 1427 
1427 761 
761 511
1679 1296 
1296 1429 
1429 1679
958 1428 
1428 734 
734 958
1429 512 
512 947 
947 1429
1679 1429 
1429 947 
947 1679
1637 410 
410 1638 
1638 1637
1396 1430 
1430 866 
866 1396
1431 949 
949 1396 
1396 1431
1391 1431 
1431 532 
532 1391
1432 313 
313 1492 
1492 1432
614 1499 
1499 1036 
1036 614
1433 951 
951 956 
956 1433
867 1433 
1433 813 
813 867
1434 1030 
1030 452 
452 1434
713 1537 
1537 1703 
1703 713
1435 953 
953 1287 
1287 1435
950 1435 
1435 497 
497 950
1436 734 
734 1483 
1483 1436
727 1436 
1436 522 
522 727
1437 774 
774 1261 
1261 1437
630 1437 
1437 1072 
1072 630
1438 960 
960 1327 
1327 1438
195 1438 
1438 525 
525 195
1637 866 
866 1430 
1430 1637
1544 1439 
1439 1158 
1158 1544
1440 964 
964 1653 
1653 1440
1085 1521 
1521 300 
300 1085
1441 532 
532 1396 
1396 1441
866 1596 
1596 1396 
1396 866
1442 965 
965 1518 
1518 1442
1392 1442 
1442 436 
436 1392
1443 1505 
1505 1704 
1704 1443
1319 1443 
1443 537 
537 1319
1466 996 
996 832 
832 1466
773 1326 
1326 1705 
1705 773
1445 538 
538 336 
336 1445
1491 1445 
1445 336 
336 1491
1491 1446 
1446 1493 
1493 1491
815 1446 
1446 336 
336 815
1504 1055 
1055 335 
335 1504
1215 975 
975 1706 
1706 1215
1666 1736 
1736 1745 
1745 1666
1453 1592 
1592 1708 
1708 1453
1560 1449 
1449 1744 
1744 1560
1368 1449 
1449 637 
637 1368
1450 1002 
1002 978 
978 1450
709 1450 
1450 543 
543 709
1451 979 
979 989 
989 1451
531 1451 
1451 523 
523 531
1643 976 
976 1734 
1734 1643
1736 1452 
1452 1174 
1174 1736
1707 1453 
1453 1708 
1708 1707
1641 1453 
1453 844 
844 1641
1454 542 
542 1546 
1546 1454
827 1640 
1640 1165 
1165 827
1455 1055 
1055 981 
981 1455
1565 1455 
1455 981 
981 1565
1456 770 
770 1166 
1166 1456
545 1547 
1547 1166 
1166 545
1498 1046 
1046 982 
982 1498
1445 1457 
1457 538 
538 1445
1584 1346 
1346 1281 
1281 1584
837 1458 
1458 798 
798 837
1459 651 
651 1257 
1257 1459
1632 1459 
1459 775 
775 1632
1460 985 
985 1075 
1075 1460
785 1460 
1460 783 
783 785
1523 1087 
1087 1090 
1090 1523
786 1461 
1461 664 
664 786
1462 1606 
1606 1709 
1709 1462
1692 1376 
1376 1710 
1710 1692
1463 1088 
1088 1712 
1712 1463
1591 1097 
1097 1711 
1711 1591
1464 361 
361 1263 
1263 1464
1572 1464 
1464 1263 
1263 1572
1590 1374 
1374 1617 
1617 1590
1673 1465 
1465 662 
662 1673
1466 832 
832 828 
828 1466
1705 1466 
1466 647 
647 1705
1467 1060 
1060 996 
996 1467
1214 1467 
1467 971 
971 1214
1468 1325 
1325 1338 
1338 1468
1069 1468 
1468 773 
773 1069
1469 1000 
1000 561 
561 1469
780 1469 
1469 1227 
1227 780
1470 1000 
1000 1149 
1149 1470
374 1541 
1541 1149 
1149 374
1471 1240 
1240 877 
877 1471
1400 1471 
1471 1336 
1336 1400
1662 1224 
1224 1226 
1226 1662
1088 372 
372 1712 
1712 1088
1583 1697 
1697 1341 
1341 1583
1634 1473 
1473 794 
794 1634
1525 1543 
1543 1713 
1713 1525
1344 1481 
1481 381 
381 1344
1475 1232 
1232 856 
856 1475
1478 1475 
1475 856 
856 1478
1476 799 
799 1096 
1096 1476
1156 1476 
1476 567 
567 1156
1477 576 
576 1154 
1154 1477
570 1477 
1477 1012 
1012 570
1478 1008 
1008 1477 
1477 1478
1664 1478 
1478 570 
570 1664
1479 573 
573 1345 
1345 1479
1481 1479 
1479 796 
796 1481
1531 1528 
1528 386 
386 1531
1274 1480 
1480 676 
676 1274
1481 1016 
1016 1474 
1474 1481
1543 1481 
1481 1474 
1474 1543
1482 1021 
1021 401 
401 1482
1115 1482 
1482 401 
401 1115
1483 1022 
1022 1313 
1313 1483
1436 1483 
1483 522 
522 1436
1484 1025 
1025 913 
913 1484
1597 1539 
1539 1484 
1484 1597
1485 841 
841 1672 
1672 1485
655 1485 
1485 1282 
1282 655
1486 1420 
1420 1714 
1714 1486
1207 1486 
1486 953 
953 1207
1487 812 
812 1160 
1160 1487
310 1487 
1487 804 
804 310
1488 1067 
1067 1031 
1031 1488
834 1488 
1488 319 
319 834
1489 1032 
1032 1238 
1238 1489
1358 1489 
1489 816 
816 1358
1598 1419 
1419 1177 
1177 1598
515 1570 
1570 1283 
1283 515
1493 1446 
1446 1037 
1037 1493
1445 1491 
1491 973 
973 1445
1492 313 
313 1032 
1032 1492
1489 1492 
1492 1032 
1032 1489
1493 1037 
1037 1035 
1035 1493
1249 1493 
1493 1035 
1035 1249
1494 1037 
1037 1446 
1446 1494
604 1494 
1494 1446 
1446 604
1503 1216 
1216 1042 
1042 1503
1222 1497 
1497 328 
328 1222
1496 241 
241 464 
464 1496
908 1496 
1496 608 
608 908
1497 1495 
1495 328 
328 1497
1605 1497 
1497 1222 
1222 1605
1498 1457 
1457 1654 
1654 1498
1322 1498 
1498 982 
982 1322
1499 1432 
1432 1036 
1036 1499
1245 1499 
1499 614 
614 1245
1500 1050 
1050 1424 
1424 1500
1372 1500 
1500 225 
225 1372
1501 353 
353 1682 
1682 1501
1587 1501 
1501 1321 
1321 1587
1502 1066 
1066 1247 
1247 1502
1660 1502 
1502 1145 
1145 1660
1503 1361 
1361 1052 
1052 1503
1495 1503 
1503 328 
328 1495
1504 1447 
1447 1055 
1055 1504
1217 1504 
1504 335 
335 1217
1505 970 
970 645 
645 1505
1704 1505 
1505 634 
634 1704
1730 1734 
1734 1627 
1627 1730
1656 1470 
1470 1715 
1715 1656
1541 1507 
1507 1716 
1716 1541
1663 1696 
1696 374 
374 1663
1508 637 
637 1560 
1560 1508
980 1508 
1508 1220 
1220 980
1659 1731 
1731 1221 
1221 1659
1454 1580 
1580 542 
542 1454
1588 359 
359 1370 
1370 1588
1167 1510 
1510 835 
835 1167
1511 1064 
1064 1167 
1167 1511
1667 1732 
1732 544 
544 1667
1512 1070 
1070 1260 
1260 1512
1466 1705 
1705 1444 
1444 1466
1513 650 
650 1366 
1366 1513
1165 1513 
1513 827 
827 1165
1514 1592 
1592 1717 
1717 1514
1693 1514 
1514 1546 
1546 1693
1515 1335 
1335 357 
357 1515
1172 1515 
1515 357 
357 1172
1516 1076 
1076 1086 
1086 1516
1264 1516 
1516 369 
369 1264
1517 1077 
1077 1392 
1392 1517
1650 1517 
1517 436 
436 1650
1650 1518 
1518 1718 
1718 1650
1442 1518 
1518 436 
436 1442
1519 841 
841 1401 
1401 1519
1240 1700 
1700 1401 
1401 1240
1520 361 
361 1458 
1458 1520
1532 1520 
1520 837 
837 1532
1521 662 
662 1719 
1719 1521
1440 1521 
1521 716 
716 1440
1522 1273 
1273 1607 
1607 1522
988 1591 
1591 1711 
1711 988
1523 987 
987 664 
664 1523
1461 1523 
1523 664 
664 1461
1743 847 
847 1255 
1255 1743
1004 1276 
1276 1720 
1720 1004
1098 1713 
1713 1610 
1610 1098
1276 1525 
1525 1102 
1102 1276
1591 1687 
1687 1725 
1725 1591
1695 671 
671 1722 
1722 1695
1527 672 
672 1270 
1270 1527
1093 1527 
1527 1270 
1270 1093
1531 386 
386 1106 
1106 1531
1610 1635 
1635 1480 
1480 1610
1529 1098 
1098 1379 
1379 1529
672 1529 
1529 1379 
1379 672
1530 1102 
1102 1093 
1093 1530
1524 1530 
1530 1093 
1093 1524
1531 1106 
1106 1103 
1103 1531
676 1531 
1531 1103 
1103 676
1532 837 
837 1155 
1155 1532
1104 1532 
1532 677 
677 1104
1533 858 
858 1115 
1115 1533
855 1533 
1533 1115 
1115 855
1534 1348 
1348 1399 
1399 1534
1124 1534 
1534 1399 
1399 1124
1535 1364 
1364 825 
825 1535
1127 1535 
1535 1317 
1317 1127
1536 914 
914 1416 
1416 1536
1294 1536 
1536 1416 
1416 1294
1537 1287 
1287 953 
953 1537
1137 1703 
1703 1434 
1434 1137
1538 937 
937 1308 
1308 1538
1140 1681 
1681 1308 
1308 1140
1597 1484 
1484 913 
913 1597
307 1539 
1539 1143 
1143 307
976 1627 
1627 1734 
1734 976
1150 1540 
1540 1144 
1144 1150
1716 1507 
1507 1562 
1562 1716
1149 1541 
1541 1470 
1470 1149
1542 681 
681 1103 
1103 1542
1152 1542 
1542 1277 
1277 1152
1543 1474 
1474 1713 
1713 1543
1276 1616 
1616 1525 
1525 1276
1544 1203 
1203 1653 
1653 1544
1397 1544 
1544 1158 
1158 1397
1545 623 
623 863 
863 1545
1164 1545 
1545 1393 
1393 1164
1546 1514 
1514 1717 
1717 1546
1454 1546 
1546 1165 
1165 1454
1547 1322 
1322 982 
982 1547
1166 1547 
1547 1456 
1456 1166
1548 1202 
1202 1239 
1239 1548
1250 1548 
1548 1168 
1168 1250
1549 655 
655 838 
838 1549
1372 1549 
1549 1169 
1169 1372
1550 1167 
1167 835 
835 1550
1171 1550 
1550 1314 
1314 1171
1581 1551 
1551 1735 
1735 1581
1174 1743 
1743 1745 
1745 1174
1552 1017 
1017 1008 
1008 1552
856 1552 
1552 1478 
1478 856
1553 704 
704 1033 
1033 1553
1598 1553 
1553 1283 
1283 1598
1554 720 
720 737 
737 1554
1621 1554 
1554 1182 
1182 1621
1555 1280 
1280 892 
892 1555
1639 1555 
1555 1185 
1185 1639
1556 1303 
1303 1575 
1575 1556
750 1556 
1556 1307 
1307 750
1557 1425 
1425 865 
865 1557
1394 1557 
1557 1306 
1306 1394
1558 1365 
1365 299 
299 1558
1206 1558 
1558 1316 
1316 1206
1684 1559 
1559 1737 
1737 1684
1218 1559 
1559 1221 
1221 1218
1730 1627 
1627 1744 
1744 1730
1508 1560 
1560 1220 
1220 1508
1582 1097 
1097 1721 
1721 1582
1340 1561 
1561 1334 
1334 1340
1562 1062 
1062 1716 
1716 1562
1230 1562 
1562 1507 
1507 1230
1563 820 
820 599 
599 1563
605 1563 
1563 1242 
1242 605
1564 1323 
1323 1737 
1737 1564
1252 1564 
1564 1559 
1559 1252
1565 981 
981 1580 
1580 1565
1253 1565 
1565 1328 
1328 1253
1566 1166 
1166 830 
830 1566
1256 1566 
1566 1332 
1332 1256
1661 1223 
1223 999 
999 1661
1269 1567 
1567 1268 
1268 1269
1568 1275 
1275 1642 
1642 1568
1270 1568 
1568 1383 
1383 1270
1569 703 
703 1121 
1121 1569
1346 1569 
1569 1281 
1281 1346
1570 1308 
1308 937 
937 1570
1283 1570 
1570 1490 
1490 1283
1728 1738 
1738 1674 
1674 1728
1139 1571 
1571 1286 
1286 1139
1719 716 
716 1521 
1521 1719
1464 1572 
1572 1289 
1289 1464
1573 1407 
1407 532 
532 1573
1290 1573 
1573 1441 
1441 1290
1574 750 
750 1618 
1618 1574
1302 1574 
1574 1411 
1411 1302
1728 1575 
1575 1738 
1738 1728
1556 1575 
1575 1307 
1307 1556
1576 1415 
1415 1701 
1701 1576
1626 1576 
1576 1305 
1305 1626
1577 979 
979 763 
763 1577
1314 1577 
1577 1371 
1371 1314
1578 1326 
1326 558 
558 1578
1070 1578 
1578 1320 
1320 1070
1579 971 
971 1467 
1467 1579
1512 1579 
1579 1444 
1444 1512
1580 1509 
1509 542 
542 1580
1640 1580 
1580 1454 
1454 1640
1581 1448 
1448 1736 
1736 1581
1330 1735 
1735 1551 
1551 1330
1686 1341 
1341 566 
566 1686
1561 1582 
1582 1334 
1334 1561
1583 1473 
1473 1697 
1697 1583
1725 1583 
1583 1341 
1341 1725
1584 983 
983 798 
798 1584
1346 1584 
1584 1458 
1458 1346
1585 942 
942 1357 
1357 1585
1353 1585 
1585 1423 
1423 1353
1586 834 
834 1049 
1049 1586
1362 1586 
1586 1369 
1369 1362
1587 830 
830 770 
770 1587
1501 1587 
1587 1367 
1367 1501
1588 835 
835 1510 
1510 1588
989 1588 
1588 1370 
1370 989
1589 1123 
1123 1672 
1672 1589
1373 1589 
1589 1519 
1519 1373
1590 1289 
1289 1719 
1719 1590
1374 1590 
1590 1465 
1465 1374
1711 1097 
1097 1522 
1522 1711
1606 1462 
1462 1739 
1739 1606
1592 1453 
1453 1717 
1717 1592
1377 1615 
1615 1514 
1514 1377
1593 1335 
1335 1515 
1515 1593
849 1593 
1593 1380 
1380 849
1594 1387 
1387 1533 
1533 1594
855 1594 
1594 1533 
1533 855
1595 949 
949 1431 
1431 1595
1391 1595 
1595 1431 
1431 1391
1596 1290 
1290 1441 
1441 1596
1396 1596 
1596 1441 
1441 1396
1597 913 
913 1195 
1195 1597
1576 1597 
1597 1415 
1415 1576
1598 1283 
1283 1490 
1490 1598
1419 1598 
1598 1490 
1490 1419
1599 938 
938 518 
518 1599
1486 1599 
1599 1420 
1420 1486
1600 951 
951 313 
313 1600
1047 1600 
1600 1432 
1432 1047
1741 1676 
1676 718 
718 1741
1392 1601 
1601 1442 
1442 1392
1602 976 
976 1452 
1452 1602
1448 1604 
1604 1452 
1452 1448
1603 776 
776 1633 
1633 1603
1368 1603 
1603 1449 
1449 1368
1604 980 
980 1602 
1602 1604
1452 1604 
1604 1602 
1602 1452
1605 1222 
1222 1660 
1660 1605
1547 1605 
1605 1456 
1456 1547
1606 1003 
1003 1709 
1709 1606
1687 1739 
1739 1462 
1462 1687
1669 1089 
1089 665 
665 1669
1522 1607 
1607 1463 
1463 1522
1656 1715 
1715 1219 
1219 1656
1541 1716 
1716 1470 
1470 1541
1609 1004 
1004 1382 
1382 1609
1153 1609 
1609 1473 
1473 1153
1635 1474 
1474 1016 
1016 1635
1098 1610 
1610 1480 
1480 1098
1611 943 
943 1239 
1239 1611
1539 1611 
1611 1484 
1484 1539
1612 538 
538 1457 
1457 1612
1322 1612 
1612 1498 
1498 1322
1643 1174 
1174 1452 
1452 1643
1608 1613 
1613 1506 
1506 1608
1614 1063 
1063 637 
637 1614
1615 1614 
1614 1508 
1508 1615
1615 1508 
1508 980 
980 1615
1514 1615 
1615 1592 
1592 1514
1616 1153 
1153 381 
381 1616
1525 1616 
1616 1543 
1543 1525
1617 703 
703 1569 
1569 1617
1590 1617 
1617 993 
993 1590
1678 1618 
1618 1740 
1740 1678
1411 1618 
1618 1678 
1678 1411
1619 886 
886 1391 
1391 1619
1407 1619 
1619 532 
532 1407
1620 1213 
1213 1127 
1127 1620
1601 1676 
1676 1741 
1741 1601
1726 878 
878 918 
918 1726
1554 1621 
1621 471 
471 1554
1622 1125 
1125 1723 
1723 1622
1128 1622 
1622 724 
724 1128
1723 452 
452 1295 
1295 1723
1624 1623 
1623 1125 
1125 1624
1624 1740 
1740 1137 
1137 1624
1294 1624 
1624 1125 
1125 1294
1625 1141 
1141 914 
914 1625
469 1625 
1625 914 
914 469
1626 1205 
1205 1143 
1143 1626
948 1626 
1626 1305 
1305 948
1627 976 
976 1220 
1220 1627
1560 1627 
1627 1220 
1220 1560
1724 1331 
1331 1150 
1150 1724
1148 1628 
1628 776 
776 1148
1629 763 
763 963 
963 1629
1072 1629 
1629 346 
346 1072
1630 1366 
1366 1146 
1146 1630
1253 1665 
1665 774 
774 1253
1631 1075 
1075 985 
985 1631
651 1631 
1631 985 
985 651
1632 1147 
1147 1459 
1459 1632
1271 1632 
1632 775 
775 1271
1633 1724 
1724 1742 
1742 1633
1628 1633 
1633 776 
776 1628
1634 1153 
1153 1473 
1473 1634
1235 1634 
1634 794 
794 1235
1635 1016 
1016 1154 
1154 1635
1480 1635 
1635 1528 
1528 1480
1636 1476 
1476 1156 
1156 1636
1475 1636 
1636 1007 
1007 1475
1637 1439 
1439 866 
866 1637
410 1637 
1637 1430 
1430 410
1638 1158 
1158 1637 
1637 1638
1179 1638 
1638 410 
410 1179
1639 1185 
1185 1164 
1164 1639
1317 1639 
1639 886 
886 1317
1640 1454 
1454 1165 
1165 1640
1630 1665 
1665 827 
827 1630
1641 1262 
1262 1171 
1171 1641
1717 1641 
1641 1073 
1073 1717
1694 1094 
1094 1378 
1378 1694
1568 1642 
1642 669 
669 1568
1643 1452 
1452 976 
976 1643
1613 1643 
1643 1506 
1506 1613
1644 847 
847 1743 
1743 1644
1562 1644 
1644 1062 
1062 1562
1645 410 
410 1430 
1430 1645
949 1699 
1699 1430 
1430 949
1646 1206 
1206 1177 
1177 1646
1699 1646 
1646 1177 
1177 1699
1647 1002 
1002 425 
425 1647
1400 1647 
1647 425 
425 1400
1648 1178 
1178 1336 
1336 1648
1181 1648 
1648 877 
877 1181
1649 1638 
1638 1179 
1179 1649
1397 1649 
1649 865 
865 1397
1650 1212 
1212 1265 
1265 1650
1517 1650 
1650 1078 
1078 1517
1651 1421 
1421 1188 
1188 1651
938 1651 
1651 1353 
1353 938
1652 1194 
1194 1039 
1039 1652
317 1652 
1652 1039 
1039 317
1653 964 
964 1439 
1439 1653
1544 1653 
1653 1439 
1439 1544
1654 1249 
1249 1216 
1216 1654
1498 1654 
1654 1046 
1046 1498
1693 1659 
1659 1063 
1063 1693
1509 1655 
1655 542 
542 1509
1656 1000 
1000 1470 
1470 1656
1608 1715 
1715 1470 
1470 1608
1657 1540 
1540 1219 
1219 1657
1506 1734 
1734 1219 
1219 1506
1658 545 
545 1566 
1566 1658
1063 1658 
1658 1256 
1256 1063
1659 1221 
1221 1063 
1063 1659
1614 1693 
1693 1063 
1063 1614
1660 1145 
1145 770 
770 1660
1456 1660 
1660 770 
770 1456
1661 987 
987 1268 
1268 1661
1223 1661 
1661 1567 
1567 1223
1662 1472 
1472 1224 
1224 1662
1003 1662 
1662 1226 
1226 1003
1663 374 
374 793 
793 1663
1697 1663 
1663 566 
566 1697
1664 1475 
1475 1478 
1478 1664
1698 1664 
1664 570 
570 1698
1665 1328 
1328 1640 
1640 1665
774 1665 
1665 1630 
1630 774
1666 669 
669 1694 
1694 1666
1736 1666 
1666 1551 
1551 1736
1667 544 
544 1262 
1262 1667
1581 1735 
1735 844 
844 1581
1668 1235 
1235 1692 
1692 1668
1688 1668 
1668 671 
671 1688
1669 1607 
1607 1089 
1089 1669
1088 1669 
1669 665 
665 1088
1670 1273 
1273 1522 
1522 1670
1561 1670 
1670 1097 
1097 1561
1671 845 
845 1099 
1099 1671
1379 1671 
1671 672 
672 1379
1672 841 
841 1589 
1589 1672
1374 1672 
1672 1123 
1123 1374
1673 1282 
1282 1465 
1465 1673
1085 1673 
1673 662 
662 1085
1728 713 
713 1307 
1307 1728
497 1674 
1674 756 
756 497
1675 866 
866 1439 
1439 1675
1718 1675 
1675 1180 
1180 1718
1676 1184 
1184 889 
889 1676
1620 1741 
1741 718 
718 1620
1677 1291 
1291 1392 
1392 1677
1077 1677 
1677 1392 
1392 1077
1678 1624 
1624 1294 
1294 1678
1411 1678 
1678 899 
899 1411
1679 947 
947 1302 
1302 1679
734 1679 
1679 1302 
1302 734
1701 1575 
1575 1303 
1303 1701
1571 1680 
1680 1286 
1286 1571
1681 1538 
1538 1308 
1308 1681
1571 1681 
1681 1140 
1140 1571
1682 1148 
1148 1501 
1501 1682
1061 1682 
1682 353 
353 1061
1737 1559 
1559 1564 
1564 1737
1658 1683 
1683 545 
545 1658
1684 1683 
1683 1559 
1559 1684
1547 1684 
1684 1322 
1322 1547
1685 830 
830 1587 
1587 1685
776 1685 
1685 1321 
1321 776
1686 566 
566 1663 
1663 1686
1334 1686 
1686 793 
793 1334
1722 1462 
1462 1695 
1695 1722
1725 1687 
1687 1526 
1526 1725
1688 1342 
1342 1668 
1668 1688
1381 1688 
1688 671 
671 1381
1689 824 
824 1259 
1259 1689
1251 1689 
1689 821 
821 1251
1690 1365 
1365 1558 
1558 1690
1406 1690 
1690 860 
860 1406
1691 1332 
1332 1566 
1566 1691
1685 1691 
1691 830 
830 1685
1692 671 
671 1668 
1668 1692
1376 1692 
1692 1235 
1235 1376
1693 542 
542 1655 
1655 1693
1659 1693 
1693 1655 
1655 1659
1694 1642 
1642 1094 
1094 1694
1551 1694 
1694 1330 
1330 1551
1695 1381 
1381 671 
671 1695
1710 1722 
1722 671 
671 1710
1696 1230 
1230 1507 
1507 1696
374 1696 
1696 1507 
1507 374
1697 1382 
1382 1663 
1663 1697
1341 1697 
1697 566 
566 1341
1698 570 
570 1345 
1345 1698
799 1698 
1698 1345 
1345 799
1699 1645 
1645 1430 
1430 1699
1646 1699 
1699 949 
949 1646
1700 1519 
1519 1401 
1401 1700
1471 1700 
1700 1240 
1240 1471
1701 1415 
1415 1286 
1286 1701
1680 1701 
1701 1286 
1286 1680
1702 1421 
1421 900 
900 1702
1435 1702 
1702 900 
900 1435
1703 1537 
1537 1434 
1434 1703
1187 1703 
1703 1137 
1137 1187
1704 634 
634 1214 
1214 1704
1260 1704 
1704 971 
971 1260
1705 1512 
1512 1444 
1444 1705
773 1705 
1705 647 
647 773
1706 1447 
1447 1504 
1504 1706
1360 1706 
1706 972 
972 1360
1707 1448 
1448 1581 
1581 1707
844 1707 
1707 1581 
1581 844
1708 1592 
1592 980 
980 1708
1448 1708 
1708 1604 
1604 1448
1709 1003 
1003 1229 
1229 1709
1695 1709 
1709 843 
843 1695
1722 1526 
1526 1687 
1687 1722
1692 1710 
1710 671 
671 1692
1711 1522 
1522 1463 
1463 1711
988 1711 
1711 1463 
1463 988
1712 1472 
1472 988 
988 1712
1463 1712 
1712 988 
988 1463
1713 1474 
1474 1610 
1610 1713
1102 1713 
1713 1529 
1529 1102
1714 1420 
1420 1412 
1412 1714
1434 1727 
1727 1030 
1030 1434
1715 1608 
1608 1506 
1506 1715
1219 1715 
1715 1506 
1506 1219
1716 1062 
1062 1608 
1608 1716
1470 1716 
1716 1608 
1608 1470
1717 1453 
1453 1641 
1641 1717
1546 1717 
1717 1073 
1073 1546
1718 1290 
1290 1675 
1675 1718
1212 1718 
1718 1180 
1180 1212
1719 662 
662 1590 
1590 1719
1572 1719 
1719 1289 
1289 1572
1720 1530 
1530 1524 
1524 1720
1382 1720 
1720 1230 
1230 1382
1721 1341 
1341 1582 
1582 1721
1591 1721 
1721 1097 
1097 1591
1722 1710 
1710 1526 
1526 1722
1462 1722 
1722 1687 
1687 1462
1723 1295 
1295 1355 
1355 1723
1622 1723 
1723 724 
724 1622
1724 1144 
1144 1742 
1742 1724
1331 1724 
1724 1633 
1633 1331
1725 1341 
1341 1721 
1721 1725
1591 1725 
1725 1721 
1721 1591
1726 1192 
1192 471 
471 1726
878 1726 
1726 1621 
1621 878
1727 1434 
1434 953 
953 1727
1486 1727 
1727 953 
953 1486
1738 1575 
1575 1680 
1680 1738
713 1728 
1728 1674 
1674 713
1729 1228 
1228 1000 
1000 1729
1219 1729 
1729 1656 
1656 1219
1730 1144 
1144 1657 
1657 1730
1734 1730 
1730 1657 
1657 1734
1731 1218 
1218 1221 
1221 1731
1655 1731 
1731 1659 
1659 1655
1732 1271 
1271 1511 
1511 1732
1735 1732 
1732 1667 
1667 1735
1733 1701 
1701 1303 
1303 1733
1305 1733 
1733 512 
512 1305
1734 1657 
1657 1219 
1219 1734
1643 1734 
1734 1506 
1506 1643
1735 1330 
1330 1732 
1732 1735
844 1735 
1735 1667 
1667 844
1736 1551 
1551 1581 
1581 1736
1452 1736 
1736 1448 
1448 1452
1737 1323 
1323 1612 
1612 1737
1684 1737 
1737 1322 
1322 1684
1738 1571 
1571 1140 
1140 1738
1674 1738 
1738 756 
756 1674
1739 1687 
1687 1591 
1591 1739
1606 1739 
1739 988 
988 1606
1740 1187 
1187 1137 
1137 1740
1678 1740 
1740 1624 
1624 1678
1741 1620 
1620 965 
965 1741
1442 1741 
1741 965 
965 1442
1744 1144 
1144 1730 
1730 1744
1603 1742 
1742 1449 
1449 1603
1743 1255 
1255 1745 
1745 1743
1613 1743 
1743 1174 
1174 1613
1744 1449 
1449 1742 
1742 1744
1144 1744 
1744 1742 
1742 1144
1745 1255 
1255 1666 
1666 1745
1174 1745 
1745 1736 
1736 1174
